-1.000000 -0.640000 -0.864370 -1.000000 -0.370370 0.155011 0.283213 -0.461594 -1.000000 -0.583969 -0.425532 1.000000 -0.820640 
-0.999528 -1.000000 -0.515396 -1.000000 -0.654321 0.095995 0.565396 -0.302076 -0.913043 -0.790076 0.106383 1.000000 -0.591060 
-0.999529 -1.000000 -0.515396 -1.000000 -0.654321 0.388772 0.198764 -0.302076 -0.913043 -0.790076 0.106383 0.979475 -0.873068 
-0.999414 -1.000000 -0.873900 -1.000000 -0.699588 0.317111 -0.116375 -0.102911 -0.826087 -0.866412 0.297872 0.988552 -0.933223 
-0.998590 -1.000000 -0.873900 -1.000000 -0.699588 0.374210 0.056643 -0.102911 -0.826087 -0.866412 0.297872 1.000000 -0.801325 
-0.999471 -1.000000 -0.873900 -1.000000 -0.699588 0.099444 0.149331 -0.102911 -0.826087 -0.866412 0.297872 0.985980 -0.807947 
-0.998157 -0.750000 -0.456745 -1.000000 -0.427984 -0.060740 0.312049 -0.194155 -0.652174 -0.526718 -0.446809 0.993444 -0.409492 
-0.996893 -0.750000 -0.456745 -1.000000 -0.427984 0.000575 0.919670 -0.123226 -0.652174 -0.526718 -0.446809 1.000000 -0.038631 
-0.995393 -0.750000 -0.456745 -1.000000 -0.427984 -0.206745 1.000000 -0.099292 -0.652174 -0.526718 -0.446809 0.948207 0.556291 
-0.996320 -0.750000 -0.456745 -1.000000 -0.427984 -0.063805 0.709578 -0.006538 -0.652174 -0.526718 -0.446809 0.948611 -0.151766 
-0.995087 -0.750000 -0.456745 -1.000000 -0.427984 0.079134 0.882595 -0.051169 -0.652174 -0.526718 -0.446809 0.977911 0.033113 
-0.997501 -0.750000 -0.456745 -1.000000 -0.427984 -0.061889 0.647786 -0.072993 -0.652174 -0.526718 -0.446809 1.000000 -0.363135 
-0.998034 -0.750000 -0.456745 -1.000000 -0.427984 -0.107875 -0.256437 -0.214088 -0.652174 -0.526718 -0.446809 0.967724 -0.228477 
-0.985985 -1.000000 -0.436950 -1.000000 -0.370370 -0.084882 0.213182 -0.349289 -0.739130 -0.541985 0.787234 1.000000 -0.639625 
-0.985801 -1.000000 -0.436950 -1.000000 -0.370370 -0.028549 0.680742 -0.393956 -0.739130 -0.541985 0.787234 0.914872 -0.529249 
-0.986039 -1.000000 -0.436950 -1.000000 -0.370370 -0.128952 0.104016 -0.387282 -0.739130 -0.541985 0.787234 0.993545 -0.628035 
-0.976450 -1.000000 -0.436950 -1.000000 -0.370370 -0.090247 -0.456231 -0.387282 -0.739130 -0.541985 0.787234 0.949317 -0.732340 
-0.982514 -1.000000 -0.436950 -1.000000 -0.370370 -0.069170 0.623069 -0.431058 -0.739130 -0.541985 0.787234 0.948812 -0.285872 
-0.982098 -1.000000 -0.436950 -1.000000 -0.370370 -0.273807 -0.305870 -0.514972 -0.739130 -0.541985 0.787234 0.455797 -0.450331 
-0.983826 -1.000000 -0.436950 -1.000000 -0.370370 -0.169956 0.371782 -0.514972 -0.739130 -0.541985 0.787234 0.969993 -0.472958 
-0.972002 -1.000000 -0.436950 -1.000000 -0.370370 -0.230121 0.960865 -0.514718 -0.739130 -0.541985 0.787234 0.897473 0.064570 
-0.980989 -1.000000 -0.436950 -1.000000 -0.370370 -0.078751 0.777549 -0.475725 -0.739130 -0.541985 0.787234 0.977962 -0.332230 
-0.972437 -1.000000 -0.436950 -1.000000 -0.370370 -0.010922 0.829042 -0.482163 -0.739130 -0.541985 0.787234 1.000000 -0.062362 
-0.977923 -1.000000 -0.436950 -1.000000 -0.370370 -0.136999 1.000000 -0.460648 -0.739130 -0.541985 0.787234 0.988098 0.001656 
-0.983277 -1.000000 -0.436950 -1.000000 -0.370370 -0.094463 0.878476 -0.405287 -0.739130 -0.541985 0.787234 0.987039 -0.195916 
-0.981247 -1.000000 -0.436950 -1.000000 -0.370370 -0.219007 0.705458 -0.395284 -0.739130 -0.541985 0.787234 0.528569 -0.184327 
-0.985038 -1.000000 -0.436950 -1.000000 -0.370370 -0.136999 0.800206 -0.353927 -0.739130 -0.541985 0.787234 0.899037 -0.278146 
-0.978657 -1.000000 -0.436950 -1.000000 -0.370370 -0.047327 0.769310 -0.395502 -0.739130 -0.541985 0.787234 0.543497 -0.141832 
-0.982766 -1.000000 -0.436950 -1.000000 -0.370370 0.124353 0.884655 -0.395266 -0.739130 -0.541985 0.787234 0.954814 -0.389073 
-0.977607 -1.000000 -0.436950 -1.000000 -0.370370 0.192949 0.738414 -0.434495 -0.739130 -0.541985 0.787234 0.915931 -0.434327 
-0.974722 -1.000000 -0.436950 -1.000000 -0.370370 -0.175321 0.878476 -0.435586 -0.739130 -0.541985 0.787234 0.814766 0.151766 
-0.969689 -1.000000 -0.436950 -1.000000 -0.370370 -0.037747 1.000000 -0.446135 -0.739130 -0.541985 0.787234 0.898280 -0.375828 
-0.968941 -1.000000 -0.436950 -1.000000 -0.370370 -0.084499 0.629248 -0.479781 -0.739130 -0.541985 0.787234 0.171416 0.433775 
-0.974252 -1.000000 -0.436950 -1.000000 -0.370370 -0.179920 0.897013 -0.516664 -0.739130 -0.541985 0.787234 0.807706 -0.082781 
-0.963887 -1.000000 -0.436950 -1.000000 -0.370370 -0.028549 0.936148 -0.521647 -0.739130 -0.541985 0.787234 0.250643 0.027042 
-0.998700 -1.000000 -0.596774 -1.000000 -0.530864 -0.091014 0.345005 -0.594304 -0.652174 -0.648855 0.404255 1.000000 -0.561258 
-0.997952 -1.000000 -0.596774 -1.000000 -0.530864 -0.126269 0.204943 -0.591103 -0.652174 -0.648855 0.404255 0.902466 -0.465784 
-0.998341 -1.000000 -0.596774 -1.000000 -0.530864 -0.122820 -0.204943 -0.489929 -0.652174 -0.648855 0.404255 1.000000 -0.611479 
-0.996207 -1.000000 -0.596774 -1.000000 -0.530864 -0.078368 -0.437693 -0.505733 -0.652174 -0.648855 0.404255 0.982500 -0.536424 
-0.999521 0.500000 -0.817449 -1.000000 -0.823045 0.162675 -0.610711 -0.223145 -0.826087 -0.751908 0.212766 0.993595 -0.857064 
-0.999387 0.500000 -0.817449 -1.000000 -0.823045 0.327074 -0.734295 -0.223145 -0.826087 -0.751908 0.212766 0.993545 -0.986203 
-0.997277 -1.000000 -0.527126 -1.000000 -0.740741 0.229737 -1.000000 -0.164983 -0.826087 -0.824427 0.127660 0.942055 -0.828366 
-0.996961 -1.000000 -0.527126 -1.000000 -0.740741 -0.000575 -0.923790 -0.164983 -0.826087 -0.824427 0.127660 0.931767 -0.774834 
-0.996560 -1.000000 -0.527126 -1.000000 -0.740741 0.015520 -0.925850 -0.164983 -0.826087 -0.824427 0.127660 0.987695 -0.684879 
-0.997384 -1.000000 -0.527126 -1.000000 -0.740741 -0.038896 -0.235839 -0.164983 -0.826087 -0.824427 0.127660 0.962126 -0.568433 
-0.996289 -1.000000 -0.527126 -1.000000 -0.740741 -0.187201 -0.363543 -0.277833 -0.826087 -0.824427 0.127660 1.000000 -0.532009 
-0.995908 -1.000000 -0.527126 -1.000000 -0.740741 -0.147346 -0.373841 -0.277833 -0.826087 -0.824427 0.127660 1.000000 -0.314570 
-0.994988 -1.000000 -0.527126 -1.000000 -0.740741 -0.053842 0.701339 -0.170712 -0.826087 -0.824427 0.127660 0.979021 -0.057947 
-0.994435 -1.000000 -0.527126 -1.000000 -0.740741 -0.295651 0.903193 -0.137866 -0.826087 -0.824427 0.127660 1.000000 0.604857 
-0.995202 -1.000000 -0.527126 -1.000000 -0.740741 -0.217858 0.217302 -0.098273 -0.826087 -0.824427 0.127660 1.000000 -0.201435 
-0.998147 -0.580000 -0.620235 -1.000000 -0.777778 -0.079517 -0.118435 0.033946 -0.739130 -0.786260 -0.106383 0.993242 -0.353201 
-0.999167 -0.580000 -0.620235 -1.000000 -0.777778 -0.021268 0.237899 0.033946 -0.739130 -0.786260 -0.106383 0.985224 -0.575055 
-0.998937 -0.580000 -0.620235 -1.000000 -0.777778 0.130485 -0.625129 0.033946 -0.739130 -0.786260 -0.106383 1.000000 -0.804084 
-0.999022 -0.580000 -0.620235 -1.000000 -0.777778 -0.066105 -0.618950 0.033946 -0.739130 -0.786260 -0.106383 1.000000 -0.630243 
-0.999836 0.500000 -0.740469 -1.000000 -0.897119 -0.108258 -0.079300 0.125790 -0.826087 0.076336 0.808511 1.000000 -0.278698 
-0.999847 0.800000 -0.944282 -1.000000 -0.925926 0.413298 -0.608651 0.376206 -0.652174 -0.851145 0.127660 0.995108 -0.830022 
-0.999680 0.700000 -0.979472 -1.000000 -0.897119 0.081433 -0.324408 0.465504 -0.913043 -0.519084 0.000000 1.000000 -0.777042 
-0.999820 1.000000 -0.936950 -1.000000 -0.893004 0.247365 -0.225541 0.308587 -0.652174 -0.736641 -0.468085 0.979828 -0.877483 
-0.996670 -0.500000 -0.657625 -1.000000 -0.720165 -0.009772 -0.458290 0.215834 -0.391304 -0.629771 0.510638 0.968632 -0.716887 
-0.997820 -0.500000 -0.657625 -1.000000 -0.720165 -0.093313 -0.087539 0.055279 -0.391304 -0.629771 0.510638 1.000000 -0.586645 
-0.996785 -0.500000 -0.657625 -1.000000 -0.720165 -0.164591 0.303811 0.108640 -0.391304 -0.629771 0.510638 0.990973 -0.369757 
-0.996282 -0.500000 -0.657625 -1.000000 -0.720165 -0.078368 0.864058 0.034637 -0.391304 -0.629771 0.510638 0.905089 -0.298565 
-0.997663 -0.500000 -0.657625 -1.000000 -0.720165 0.109408 0.336766 0.108658 -0.391304 -0.629771 0.510638 1.000000 -0.724062 
-0.997298 -0.500000 -0.657625 -1.000000 -0.720165 0.226672 -0.165808 0.246042 -0.391304 -0.629771 0.510638 0.993343 -0.571192 
-0.999703 -0.650000 -0.932551 -1.000000 -0.872016 0.357731 0.165808 0.471924 -0.826087 -0.889313 0.276596 0.981542 -0.651214 
-0.999336 0.600000 -0.786657 -1.000000 -0.946502 0.045794 -0.693100 -0.003010 -0.739130 -0.427481 -0.255319 1.000000 -0.837748 
-0.999158 0.600000 -0.786657 -1.000000 -0.946502 -0.146963 -0.419156 -0.003010 -0.739130 -0.427481 -0.255319 1.000000 -0.530353 
-0.998841 -0.750000 -0.588710 -1.000000 -0.901235 -0.112090 -0.618950 -0.023652 -0.739130 -0.396947 0.340426 0.996520 -0.648455 
-0.997095 -0.750000 -0.588710 -1.000000 -0.901235 -0.220924 -0.301751 -0.023652 -0.739130 -0.396947 0.340426 1.000000 -0.373068 
-0.997261 -0.750000 -0.588710 -1.000000 -0.901235 -0.109408 -0.380021 -0.023652 -0.739130 -0.396947 0.340426 1.000000 -0.610375 
-0.998158 -1.000000 -0.241202 -1.000000 -0.884774 0.094463 -0.923790 -0.243841 -0.739130 -0.549618 0.404255 0.933582 -0.724614 
-0.996573 -1.000000 -0.241202 -1.000000 -0.884774 -0.080284 -0.699279 -0.243841 -0.739130 -0.549618 0.404255 0.899339 -0.550221 
-0.998082 -1.000000 -0.241202 -1.000000 -0.884774 -0.040429 -0.899073 -0.243841 -0.739130 -0.549618 0.404255 0.969792 -0.790839 
-0.995750 -1.000000 -0.241202 -1.000000 -0.884774 0.028549 -0.932029 -0.243841 -0.739130 -0.549618 0.404255 0.900499 -0.679360 
-0.998367 -1.000000 -0.093108 -1.000000 -0.786008 0.039280 -0.936148 -0.432222 -0.652174 -0.194656 0.297872 0.990015 -0.721302 
-0.998004 -1.000000 -0.093108 -1.000000 -0.786008 0.044261 -0.132853 -0.386554 -0.652174 -0.194656 0.297872 0.931061 -0.602097 
-0.997860 -1.000000 -0.093108 -1.000000 -0.786008 0.041579 0.474768 -0.468468 -0.652174 -0.194656 0.297872 0.882798 -0.434879 
-0.998185 -1.000000 -0.093108 -1.000000 -0.786008 -0.011688 -0.116375 -0.461503 -0.652174 -0.194656 0.297872 0.949871 -0.528698 
-0.998873 -1.000000 -0.093108 -1.000000 -0.786008 0.023568 0.046344 -0.293528 -0.652174 -0.194656 0.297872 0.947047 -0.414459 
-0.998257 -1.000000 -0.093108 -1.000000 -0.786008 -0.113623 -0.305870 -0.386554 -0.652174 -0.194656 0.297872 0.995764 -0.593267 
-0.999217 -0.500000 -0.677419 -1.000000 -0.831276 0.213259 -0.369722 -0.223217 -0.739130 -0.641221 0.361702 1.000000 -0.803532 
-0.999139 -0.500000 -0.677419 -1.000000 -0.831276 0.171872 0.390319 -0.223217 -0.739130 -0.641221 0.361702 0.993595 -0.697020 
-0.999320 -0.500000 -0.677419 -1.000000 -0.831276 0.050393 -0.396498 -0.223217 -0.739130 -0.641221 0.361702 1.000000 -0.724614 
-0.999344 -0.500000 -0.677419 -1.000000 -0.831276 -0.001341 -0.097837 -0.223217 -0.739130 -0.641221 0.361702 0.968430 -0.681015 
-0.999005 -1.000000 -0.704545 -1.000000 -0.736626 0.083733 -0.071061 -0.336213 -0.826087 -0.770992 0.255319 1.000000 -0.564570 
-0.998853 -1.000000 -0.704545 -1.000000 -0.736626 0.176087 0.095778 -0.398358 -0.826087 -0.770992 0.255319 0.976802 -0.735099 
-0.998976 -1.000000 -0.704545 -1.000000 -0.736626 -0.059590 -0.130793 -0.400267 -0.826087 -0.770992 0.255319 0.995411 -0.385762 
-0.998535 -1.000000 -0.704545 -1.000000 -0.736626 -0.018969 0.110196 -0.523866 -0.826087 -0.770992 0.255319 0.991175 -0.629691 
-0.998870 -1.000000 -0.783724 -1.000000 -0.572016 0.320559 0.717817 -0.583137 -0.913043 -0.683206 0.106383 1.000000 -0.791943 
-0.998950 -1.000000 -0.783724 -1.000000 -0.572016 0.348151 0.239959 -0.584447 -0.913043 -0.683206 0.106383 0.995764 -0.780905 
-0.999089 -1.000000 -0.783724 -1.000000 -0.572016 0.094463 0.301751 -0.643045 -0.913043 -0.683206 0.106383 0.976196 -0.609272 
-0.999258 -1.000000 -0.783724 -1.000000 -0.572016 0.089864 0.462410 -0.643081 -0.913043 -0.683206 0.106383 0.983106 -0.642936 
-0.999197 -0.440000 0.068915 -1.000000 -0.674897 0.104043 0.044284 -0.538725 -0.739130 -0.683206 0.191489 0.990469 -0.645143 
-0.999496 -0.440000 0.068915 -1.000000 -0.674897 0.015520 -0.464470 -0.538725 -0.739130 -0.683206 0.191489 0.997125 -0.752759 
-0.999177 -0.440000 0.068915 -1.000000 -0.674897 0.030082 0.532441 -0.547982 -0.739130 -0.683206 0.191489 1.000000 -0.511038 
-0.997399 -1.000000 -0.821848 -1.000000 -0.753086 0.174171 0.130793 -0.569770 -0.913043 -0.660305 0.148936 0.803722 -0.728477 
-0.997556 -1.000000 -0.821848 -1.000000 -0.753086 -0.002874 0.373841 -0.569770 -0.913043 -0.660305 0.148936 0.974431 -0.469647 
-0.997426 -1.000000 -0.821848 -1.000000 -0.753086 0.727534 0.505664 -0.569770 -0.913043 -0.660305 0.148936 1.000000 -0.863135 
-0.998302 -1.000000 -0.821848 -1.000000 -0.753086 0.632113 -0.299691 -0.569770 -0.913043 -0.660305 0.148936 0.983005 -0.898455 
-0.998600 -1.000000 -0.821848 -1.000000 -0.753086 0.477295 0.227600 -0.569770 -0.913043 -0.660305 0.148936 1.000000 -0.753863 
-0.996800 -1.000000 -0.406158 -1.000000 -0.444444 0.213259 0.585994 -0.700243 -0.652174 -0.248092 0.765957 0.989208 -0.575607 
-0.997572 -1.000000 -0.406158 -1.000000 -0.444444 0.233953 0.408857 -0.686002 -0.652174 -0.248092 0.765957 0.993343 -0.672185 
-0.995000 -1.000000 -0.406158 -1.000000 -0.444444 0.089864 0.699279 -0.711719 -0.652174 -0.248092 0.765957 -0.644561 -0.508830 
-0.995385 -1.000000 -0.406158 -1.000000 -0.444444 -0.012838 0.740474 -0.711719 -0.652174 -0.248092 0.765957 0.987745 -0.353753 
-0.997004 -1.000000 -0.406158 -1.000000 -0.444444 -0.001341 0.794027 -0.765134 -0.652174 -0.248092 0.765957 0.978768 -0.415011 
-0.997161 -1.000000 -0.406158 -1.000000 -0.444444 -0.122437 0.932029 -0.822259 -0.652174 -0.248092 0.765957 0.985627 -0.186534 
-0.996294 -1.000000 -0.406158 -1.000000 -0.444444 -0.128185 0.833162 -0.803326 -0.652174 -0.248092 0.765957 0.993797 -0.065673 
-0.997193 -1.000000 -0.406158 -1.000000 -0.444444 -0.016670 0.695160 -0.819440 -0.652174 -0.248092 0.765957 0.953553 -0.317881 
-0.997264 -1.000000 -0.406158 -1.000000 -0.444444 0.116306 0.940268 -0.762970 -0.652174 -0.248092 0.765957 0.991628 -0.418322 
-0.994216 -1.000000 -0.406158 -1.000000 -0.444444 0.022418 0.818744 -0.742564 -0.652174 -0.248092 0.765957 0.971406 -0.237307 
-0.997716 -1.000000 -0.406158 -1.000000 -0.444444 0.009389 0.060762 -0.700243 -0.652174 -0.248092 0.765957 0.982803 -0.378035 
-0.997875 -1.000000 -0.299853 -1.000000 -0.333333 0.208661 0.621009 -0.718484 -0.565217 -0.064885 0.106383 0.993394 -0.534768 
-0.997371 -1.000000 -0.299853 -1.000000 -0.333333 -0.098678 0.853759 -0.777428 -0.565217 -0.064885 0.106383 0.990166 -0.200883 
-0.995149 -1.000000 -0.299853 -1.000000 -0.333333 -0.030082 0.905252 -0.742036 -0.565217 -0.064885 0.106383 1.000000 -0.152318 
-0.996943 -1.000000 -0.299853 -1.000000 -0.333333 0.031998 0.674562 -0.795051 -0.565217 -0.064885 0.106383 0.958848 -0.518764 
-0.996290 -1.000000 -0.299853 -1.000000 -0.333333 -0.092930 0.756952 -0.757477 -0.565217 -0.064885 0.106383 0.737808 -0.225717 
-0.997184 -1.000000 -0.299853 -1.000000 -0.333333 0.002108 0.433574 -0.708918 -0.565217 -0.064885 0.106383 0.981845 -0.431015 
-0.996748 -1.000000 -0.299853 -1.000000 -0.333333 -0.057291 0.641607 -0.705772 -0.565217 -0.064885 0.106383 0.987947 -0.527042 
-0.997207 -1.000000 -0.299853 -1.000000 -0.333333 -0.114390 0.445932 -0.754858 -0.565217 -0.064885 0.106383 0.706137 -0.247241 
-0.996888 -1.000000 -0.299853 -1.000000 -0.333333 -0.168423 0.283213 -0.703626 -0.565217 -0.064885 0.106383 0.972767 -0.344371 
-0.998591 -1.000000 0.846774 -1.000000 -0.193416 -0.115156 0.375901 -0.794833 -0.913043 -0.996183 0.382979 0.960916 -0.302428 
-0.998531 -1.000000 0.846774 -1.000000 -0.193416 -0.063805 0.672503 -0.805800 -0.913043 -0.996183 0.382979 0.903021 -0.307947 
-0.998052 -1.000000 0.846774 -1.000000 -0.193416 -0.080284 0.853759 -0.825896 -0.913043 -0.996183 0.382979 0.905139 -0.105960 
-0.996762 -1.000000 0.846774 -1.000000 -0.193416 -0.120521 0.938208 -0.851813 -0.913043 -0.996183 0.382979 0.865903 0.306843 
-0.997928 -1.000000 0.846774 -1.000000 -0.193416 -0.111707 0.913491 -0.840555 -0.913043 -0.996183 0.382979 0.911645 -0.125276 
-0.996343 -1.000000 0.846774 -1.000000 -0.193416 -0.070703 0.761071 -0.842992 -0.913043 -0.996183 0.382979 0.940088 -0.278146 
-0.991435 -1.000000 0.846774 -1.000000 -0.193416 -0.213642 0.909372 -0.885859 -0.913043 -0.996183 0.382979 0.810328 0.408940 
-0.994317 -1.000000 0.571114 -1.000000 -0.016461 -0.182985 0.917611 -0.880203 -0.739130 -0.045802 0.829787 0.975843 -0.146799 
-0.992827 -1.000000 0.571114 -1.000000 -0.016461 0.099828 0.975283 -0.875801 -0.739130 -0.045802 0.829787 1.000000 -0.246137 
-0.980332 -1.000000 0.571114 -1.000000 -0.016461 -0.204445 0.890834 -0.845356 -0.739130 -0.045802 0.829787 1.000000 -0.083333 
-0.992498 -1.000000 0.571114 -1.000000 -0.016461 0.110174 0.977343 -0.820149 -0.739130 -0.045802 0.829787 0.990620 -0.400110 
-0.973325 -1.000000 0.571114 -1.000000 -0.016461 0.059590 0.952626 -0.792414 -0.739130 -0.045802 0.829787 1.000000 -0.418874 
-0.986878 -1.000000 0.571114 -1.000000 -0.016461 0.077218 0.956746 -0.782157 -0.739130 -0.045802 0.829787 0.943820 -0.481788 
-0.992728 -1.000000 0.571114 -1.000000 -0.016461 -0.133550 0.905252 -0.756240 -0.739130 -0.045802 0.829787 0.958596 -0.266004 
-0.978198 -1.000000 0.571114 -1.000000 -0.016461 -0.158459 0.967044 -0.778774 -0.739130 -0.045802 0.829787 0.323516 -0.140177 
-0.987603 -1.000000 0.571114 -1.000000 -0.016461 0.063039 0.962925 -0.821568 -0.739130 -0.045802 0.829787 0.988754 -0.159492 
-0.992889 -1.000000 0.571114 -1.000000 -0.016461 -0.087565 0.866117 -0.847721 -0.739130 -0.045802 0.829787 0.905946 -0.162804 
-0.992222 -1.000000 0.571114 -1.000000 -0.016461 0.108642 0.967044 -0.869018 -0.739130 -0.045802 0.829787 0.985778 -0.290287 
-0.994527 -1.000000 0.571114 -1.000000 -0.016461 -0.120138 0.962925 -0.901972 -0.739130 -0.045802 0.829787 0.975490 0.081126 
-0.987902 -1.000000 0.571114 -1.000000 -0.016461 -0.007473 0.956746 -0.901954 -0.739130 -0.045802 0.829787 1.000000 -0.076711 
-0.993603 -1.000000 0.571114 -1.000000 -0.016461 0.001341 0.868177 -0.912284 -0.739130 -0.045802 0.829787 0.955520 0.237859 
-0.963531 -1.000000 0.571114 -1.000000 -0.016461 -0.441272 1.000000 -0.943657 -0.739130 -0.045802 0.829787 1.000000 0.803532 
-0.925486 -1.000000 0.401760 1.000000 1.000000 -0.294118 1.000000 -0.965081 -0.652174 -0.175573 -0.553191 1.000000 0.384658 
-0.908034 -1.000000 0.401760 -1.000000 1.000000 -0.269209 1.000000 -0.948676 -0.652174 -0.175573 -0.553191 1.000000 0.362583 
-0.937655 -1.000000 0.401760 -1.000000 1.000000 -0.485725 0.954686 -0.960662 -0.652174 -0.175573 -0.553191 1.000000 0.520971 
-0.946656 -1.000000 0.401760 -1.000000 1.000000 -0.015520 1.000000 -0.947349 -0.652174 -0.175573 -0.553191 -0.129608 0.438742 
-0.951698 -1.000000 0.401760 -1.000000 1.000000 -0.207894 1.000000 -0.929617 -0.652174 -0.175573 -0.553191 -0.147965 -0.176600 
-0.946897 -1.000000 0.401760 -1.000000 1.000000 -0.476911 0.911432 -0.939765 -0.652174 -0.175573 -0.553191 0.973826 0.534216 
-0.947743 -1.000000 0.401760 -1.000000 1.000000 -0.377275 0.872297 -0.927252 -0.652174 -0.175573 -0.553191 0.798729 0.467439 
-0.938684 -1.000000 0.401760 -1.000000 1.000000 -0.219774 0.894954 -0.927962 -0.652174 -0.175573 -0.553191 0.772808 0.088300 
-0.962903 -1.000000 0.401760 -1.000000 1.000000 -0.018586 0.944387 -0.911175 -0.652174 -0.175573 -0.553191 0.878461 -0.317329 
-0.966506 -1.000000 0.401760 -1.000000 1.000000 -0.293734 1.000000 -0.915976 -0.652174 -0.175573 -0.553191 0.721116 -0.362583 
-0.974817 -1.000000 0.401760 1.000000 1.000000 -0.443955 0.752832 -0.912594 -0.652174 -0.175573 -0.553191 0.729588 -0.426600 
-0.951830 -1.000000 0.401760 -1.000000 1.000000 -0.176854 0.969104 -0.910229 -0.652174 -0.175573 -0.553191 0.319431 -0.224062 
-0.968359 -1.000000 0.401760 1.000000 1.000000 -0.015903 0.917611 -0.887277 -0.652174 -0.175573 -0.553191 0.617328 -0.261038 
-0.920677 -1.000000 0.401760 1.000000 1.000000 -0.007089 0.641607 -0.887987 -0.652174 -0.175573 -0.553191 -0.557769 -0.266556 
-0.945142 -1.000000 0.401760 -1.000000 1.000000 -0.344319 0.876416 -0.889642 -0.652174 -0.175573 -0.553191 -0.554642 -0.204746 
-0.972637 -1.000000 0.401760 -1.000000 -0.094650 0.296034 0.946447 -0.864016 -0.652174 -0.175573 -0.553191 0.831207 -0.842163 
-0.969956 -1.000000 0.401760 -1.000000 -0.094650 -0.040046 1.000000 -0.885841 -0.652174 -0.175573 -0.553191 0.783095 -0.740618 
-0.968108 -1.000000 0.401760 -1.000000 1.000000 0.130102 1.000000 -0.884276 -0.652174 -0.175573 -0.553191 0.835645 -0.687638 
-0.971515 -1.000000 0.401760 1.000000 -0.094650 0.030466 0.847580 -0.878366 -0.652174 -0.175573 -0.553191 0.707600 -0.791943 
-0.967246 -1.000000 0.401760 -1.000000 -0.094650 0.505269 0.810505 -0.846993 -0.652174 -0.175573 -0.553191 0.886681 -1.000000 
-0.958920 -1.000000 0.401760 1.000000 -0.094650 0.625216 0.962925 -0.834299 -0.652174 -0.175573 -0.553191 0.963236 -0.989514 
-0.965995 -1.000000 0.401760 1.000000 -0.094650 0.844798 0.874356 -0.812238 -0.652174 -0.175573 -0.553191 0.957386 -0.912252 
-0.949735 -1.000000 0.401760 -1.000000 -0.094650 -0.121288 0.831102 -0.764952 -0.652174 -0.175573 -0.553191 0.990973 -0.453091 
-0.934412 -1.000000 0.401760 -1.000000 -0.094650 -0.026634 0.855819 -0.790159 -0.652174 -0.175573 -0.553191 0.209542 -0.554084 
-0.954954 -1.000000 0.401760 -1.000000 -0.094650 0.673884 0.921730 -0.833353 -0.652174 -0.175573 -0.553191 0.860810 -0.891280 
-0.959673 -1.000000 0.401760 -1.000000 -0.094650 -0.112474 0.571576 -0.764243 -0.652174 -0.175573 -0.553191 0.146250 -0.425497 
-0.948430 -1.000000 0.401760 -1.000000 -0.094650 0.056908 0.919670 -0.823514 -0.652174 -0.175573 -0.553191 0.496646 -0.482892 
-0.945078 -1.000000 0.401760 -1.000000 -0.094650 0.088714 0.901133 -0.793960 -0.652174 -0.175573 -0.553191 0.662817 -0.470751 
-0.973000 -1.000000 0.401760 -1.000000 -0.094650 -0.113240 0.888774 -0.764243 -0.652174 -0.175573 -0.553191 0.472439 -0.299117 
-0.948127 -1.000000 0.401760 -1.000000 -0.094650 -0.111324 0.944387 -0.771008 -0.652174 -0.175573 -0.553191 0.754047 -0.431567 
-0.997014 -1.000000 -0.736804 -1.000000 -0.485597 -0.229354 0.763131 -0.733288 -0.652174 -0.583969 -0.148936 1.000000 -0.284768 
-0.998079 -1.000000 -0.736804 -1.000000 -0.485597 0.094079 0.672503 -0.724159 -0.652174 -0.583969 -0.148936 0.992940 -0.596578 
-0.998243 -1.000000 -0.736804 -1.000000 -0.485597 -0.119372 0.355304 -0.714047 -0.652174 -0.583969 -0.148936 0.981492 -0.563466 
-0.998644 -1.000000 -0.736804 -1.000000 -0.485597 0.143897 -0.377961 -0.635770 -0.652174 -0.583969 -0.148936 0.970044 -0.801325 
-0.998564 -1.000000 -0.736804 -1.000000 -0.485597 -0.057674 -0.087539 -0.558912 -0.652174 -0.583969 -0.148936 0.981492 -0.537528 
-0.998923 -1.000000 -0.736804 -1.000000 -0.485597 0.055375 0.452111 -0.602088 -0.652174 -0.583969 -0.148936 0.993444 -0.748344 
-0.998649 -1.000000 -0.736804 -1.000000 -0.485597 0.264227 0.472709 -0.675236 -0.652174 -0.583969 -0.148936 0.971607 -0.713576 
-0.998843 -1.000000 -0.853372 -1.000000 -0.576132 0.310213 0.143151 -0.690931 -0.826087 -0.977099 0.106383 1.000000 -0.817329 
-0.998661 -1.000000 -0.853372 -1.000000 -0.576132 0.611037 0.656025 -0.706936 -0.826087 -0.977099 0.106383 0.993242 -0.678256 
-0.998594 -1.000000 -0.853372 -1.000000 -0.576132 -0.010155 0.221421 -0.732961 -0.826087 -0.977099 0.106383 1.000000 -0.573951 
-0.998096 -1.000000 -0.853372 -1.000000 -0.576132 0.377275 0.839341 -0.714283 -0.826087 -0.977099 0.106383 0.985980 -0.829470 
-0.997892 -1.000000 -0.853372 -1.000000 -0.576132 0.150412 0.909372 -0.687657 -0.826087 -0.977099 0.106383 1.000000 -0.782009 
-0.998274 -1.000000 -0.853372 -1.000000 -0.576132 -0.217091 0.789907 -0.662032 -0.826087 -0.977099 0.106383 0.970246 -0.323951 
-0.998783 -1.000000 -0.853372 -1.000000 -0.576132 -0.006706 0.357364 -0.608963 -0.826087 -0.977099 0.106383 0.950628 -0.369757 
-0.998883 -1.000000 -0.853372 -1.000000 -0.576132 0.636329 0.044284 -0.623603 -0.826087 -0.977099 0.106383 0.978466 -0.849890 
-0.998372 -0.100000 -0.781525 -1.000000 -0.786008 0.234336 -0.213182 -0.516409 -0.652174 -0.194656 -0.446809 0.984719 -0.726821 
-0.997314 -0.100000 -0.781525 -1.000000 -0.786008 0.147729 -0.460350 -0.374897 -0.652174 -0.194656 -0.446809 0.929094 -0.843819 
-0.998261 -0.100000 -0.781525 -1.000000 -0.786008 0.388772 -0.258496 -0.374897 -0.652174 -0.194656 -0.446809 1.000000 -0.798013 
-0.998104 -0.100000 -0.781525 -1.000000 -0.786008 0.299099 -0.616890 -0.026962 -0.652174 -0.194656 -0.446809 0.903071 -0.814018 
-0.998589 -0.100000 -0.781525 -1.000000 -0.786008 0.217858 -0.425335 -0.026962 -0.652174 -0.194656 -0.446809 0.963740 -0.836645 
-0.998194 -0.100000 -0.781525 -1.000000 -0.786008 0.386089 -0.518023 -0.026962 -0.652174 -0.194656 -0.446809 0.967674 -0.937086 
-0.999650 0.200000 -0.818915 -1.000000 -0.934156 0.241234 -0.855819 -0.074285 -1.000000 -0.702290 -0.361702 0.982198 -0.817881 
-0.999819 0.200000 -0.818915 -1.000000 -0.934156 0.166124 -0.672503 -0.074285 -1.000000 -0.702290 -0.361702 0.898129 -0.853753 
-0.999832 0.600000 -1.000000 -1.000000 -0.847737 0.653190 -0.400618 -0.178168 -0.739130 -0.740458 -0.617021 0.986535 -0.931567 
-0.999240 0.600000 -0.922287 -1.000000 -0.921811 0.427860 -0.357364 0.123844 -0.913043 -0.458015 -1.000000 1.000000 -0.870309 
-0.999093 0.600000 -0.922287 -1.000000 -0.921811 0.358881 -0.305870 0.123844 -0.913043 -0.458015 -1.000000 0.785214 -0.620309 
-0.999295 0.600000 -0.922287 -1.000000 -0.921811 0.422878 -0.270855 0.123844 -0.913043 -0.458015 -1.000000 0.976297 -0.730132 
-0.999434 0.900000 -0.925953 -1.000000 -0.925926 0.308297 -0.744593 0.186480 -0.826087 -0.179389 -0.063830 1.000000 -0.843819 
-0.999742 0.900000 -0.925953 -1.000000 -0.925926 0.369611 -0.773429 0.186480 -0.826087 -0.179389 -0.063830 0.936457 -0.849890 
-0.999368 0.650000 -0.884897 -1.000000 -0.876543 -0.003257 -0.268795 -0.065118 -0.913043 -0.385496 -0.553191 0.984215 -0.685430 
-0.999653 0.650000 -0.884897 -1.000000 -0.876543 0.551638 -0.736354 -0.065118 -0.913043 -0.385496 -0.553191 0.992334 -0.923841 
-0.999353 0.900000 -0.837243 -1.000000 -0.872016 0.644760 -0.375901 -0.274632 -0.739130 -0.858779 -0.553191 0.979222 -0.885210 
-0.999690 0.900000 -0.837243 -1.000000 -0.872016 0.714121 -0.402678 -0.274632 -0.739130 -0.858779 -0.553191 0.967976 -0.936534 
-0.997075 -1.000000 -0.257331 -1.000000 -0.572016 -0.107109 -0.600412 -0.487892 -0.739130 -0.656489 0.276596 1.000000 -0.495585 
-0.994979 -1.000000 -0.257331 -1.000000 -0.572016 0.059590 0.021627 -0.413417 -0.739130 -0.656489 0.276596 0.989762 -0.490066 
-0.994477 -1.000000 -0.257331 -1.000000 -0.572016 -0.148496 0.437693 -0.413417 -0.739130 -0.656489 0.276596 0.962328 -0.098786 
-0.997088 -1.000000 -0.257331 1.000000 -0.572016 -0.040812 0.157570 -0.434459 -0.739130 -0.656489 0.276596 0.921428 -0.286424 
-0.990348 -1.000000 -0.257331 1.000000 -0.572016 -0.316727 1.000000 -0.500696 -0.739130 -0.656489 0.276596 1.000000 0.178808 
-0.996220 -1.000000 -0.257331 1.000000 -0.572016 -0.080667 0.837281 -0.500314 -0.739130 -0.656489 0.276596 0.981593 -0.142384 
-0.991695 -1.000000 -0.257331 1.000000 -0.572016 -0.293734 0.765191 -0.538888 -0.739130 -0.656489 0.276596 0.991628 0.227925 
-0.995260 -1.000000 -0.257331 1.000000 -0.572016 -0.139299 0.048404 -0.541143 -0.739130 -0.656489 0.276596 0.969943 -0.210817 
-0.996983 -1.000000 -0.257331 -1.000000 -0.572016 0.078368 -0.394439 -0.487892 -0.739130 -0.656489 0.276596 0.944072 -0.577815 
-0.993633 -1.000000 -0.257331 -1.000000 -0.572016 -0.290669 -0.857878 -0.552983 -0.739130 -0.656489 0.276596 0.758082 0.535320 
-0.995691 -1.000000 -0.257331 -1.000000 -0.572016 0.004407 -0.186406 -0.487892 -0.739130 -0.656489 0.276596 0.983509 -0.572848 
-0.999117 -1.000000 -0.015396 1.000000 -0.320988 -0.108258 0.093718 -0.639444 -0.652174 -0.660305 -0.191489 0.979323 -0.349890 
-0.998566 -1.000000 -0.015396 -1.000000 -0.320988 0.180686 0.693100 -0.583246 -0.652174 -0.660305 -0.191489 0.979222 -0.560706 
-0.997654 -1.000000 -0.015396 1.000000 -0.320988 -0.084116 0.872297 -0.679964 -0.652174 -0.660305 -0.191489 1.000000 -0.106512 
-0.997574 -1.000000 -0.015396 1.000000 -0.320988 0.077601 0.843460 -0.593758 -0.652174 -0.660305 -0.191489 0.984064 -0.516004 
-0.992092 -1.000000 -0.579179 1.000000 -0.497942 0.299099 0.763131 -0.684984 -0.391304 -0.541985 0.021277 0.973776 -0.559603 
-0.990977 -1.000000 -0.579179 1.000000 -0.497942 -0.002491 0.820803 -0.651102 -0.391304 -0.541985 0.021277 0.991628 0.088852 
-0.986125 -1.000000 -0.579179 1.000000 -0.497942 0.271508 0.540680 -0.610345 -0.391304 -0.541985 0.021277 0.967169 -0.547461 
-0.986324 -1.000000 -0.579179 -1.000000 -0.497942 0.171489 0.604531 -0.610345 -0.391304 -0.541985 0.021277 1.000000 -0.676049 
-0.993054 -1.000000 -0.579179 -1.000000 -0.510288 0.803027 0.553038 -0.679037 -0.391304 -0.541985 0.021277 0.940239 -0.866998 
-0.988297 -1.000000 -0.579179 -1.000000 -0.510288 0.978923 0.649846 -0.679037 -0.391304 -0.541985 0.021277 0.924858 -0.839956 
-0.991552 -1.000000 -0.579179 -1.000000 -0.510288 0.716421 0.721936 -0.620602 -0.391304 -0.541985 0.021277 0.951990 -0.922737 
-0.990872 -1.000000 -0.579179 -1.000000 -0.510288 0.380341 0.585994 -0.620602 -0.391304 -0.541985 0.021277 0.874830 -0.744481 
-0.993439 -1.000000 -0.579179 -1.000000 -0.510288 0.580763 -0.709578 -0.591612 -0.391304 -0.541985 0.021277 0.902214 -0.879139 
-0.990211 -1.000000 -0.579179 -1.000000 -0.510288 0.146197 -0.618950 -0.591612 -0.391304 -0.541985 0.021277 0.916486 -0.887969 
-0.988071 -1.000000 -0.579179 -1.000000 -0.510288 -0.072619 0.342945 -0.537706 -0.391304 -0.541985 0.021277 0.906450 -0.452539 
-0.989735 -1.000000 -0.579179 -1.000000 -0.510288 0.475762 0.524202 -0.537706 -0.391304 -0.541985 0.021277 0.895305 -0.805740 
-0.987210 -1.000000 -0.579179 -1.000000 -0.497942 0.830236 0.450051 -0.507352 -0.391304 -0.541985 0.021277 0.944576 -0.959161 
-0.992691 -1.000000 -0.579179 -1.000000 -0.497942 0.795746 0.390319 -0.541271 -0.391304 -0.541985 0.021277 0.909476 -0.877483 
-0.990073 -1.000000 -0.579179 1.000000 -0.497942 0.212876 0.309990 -0.541271 -0.391304 -0.541985 0.021277 0.814918 -0.651214 
-0.992714 -1.000000 -0.579179 -1.000000 -0.497942 -0.032382 0.207003 -0.541271 -0.391304 -0.541985 0.021277 0.898381 -0.495033 
-0.988440 -1.000000 -0.579179 1.000000 -0.497942 0.176471 0.515963 -0.451045 -0.391304 -0.541985 0.021277 0.957386 -0.568985 
-0.988636 -1.000000 -0.579179 -1.000000 -0.497942 0.455068 0.415036 -0.451045 -0.391304 -0.541985 0.021277 0.965555 -0.834437 
-0.998289 -0.400000 -0.672287 -1.000000 -0.823045 0.118988 -0.678682 -0.079686 -0.565217 -0.568702 -0.148936 0.911796 -0.744481 
-0.998062 -0.400000 -0.672287 -1.000000 -0.823045 0.166890 -0.190525 -0.079686 -0.565217 -0.568702 -0.148936 0.933834 -0.688742 
-0.997595 -0.400000 -0.672287 -1.000000 -0.823045 0.278406 0.058702 -0.053097 -0.565217 -0.568702 -0.148936 0.971506 -0.467439 
-0.997757 -0.400000 -0.672287 -1.000000 -0.823045 -0.028933 0.281153 -0.053097 -0.565217 -0.568702 -0.148936 0.988502 -0.411148 
-0.997829 -0.400000 -0.672287 -1.000000 -0.823045 0.071853 0.029866 0.074103 -0.565217 -0.568702 -0.148936 0.878209 -0.476269 
-0.997274 -0.400000 -0.672287 -1.000000 -0.823045 0.085265 -0.899073 0.074103 -0.565217 -0.568702 -0.148936 0.888093 -0.809051 
-0.995509 -0.560000 -0.604106 -1.000000 -0.810700 -0.221307 0.515963 0.241313 -0.478261 -0.454198 0.382979 0.876897 -0.405629 
-0.995841 -0.560000 -0.604106 -1.000000 -0.810700 -0.216708 0.386200 0.241313 -0.478261 -0.454198 0.382979 0.960815 -0.076711 
-0.992503 -0.560000 -0.604106 -1.000000 -0.810700 -0.023951 -0.340886 0.259610 -0.478261 -0.454198 0.382979 0.966110 -0.589956 
-0.995723 -0.560000 -0.604106 -1.000000 -0.810700 0.021268 0.571576 0.259610 -0.478261 -0.454198 0.382979 0.895305 -0.535320 
-0.996447 -0.560000 -0.604106 -1.000000 -0.810700 0.100594 -0.048404 0.217961 -0.478261 -0.454198 0.382979 0.888093 -0.570088 
-0.995855 -0.560000 -0.604106 -1.000000 -0.810700 0.209810 -0.699279 0.217961 -0.478261 -0.454198 0.382979 0.984064 -0.733444 
-0.996988 -0.560000 -0.604106 -1.000000 -0.810700 0.121288 -0.791967 0.139794 -0.478261 -0.454198 0.382979 0.996873 -0.769868 
-0.995329 -0.560000 -0.604106 -1.000000 -0.810700 0.102510 -0.876416 0.139794 -0.478261 -0.454198 0.382979 0.899995 -0.897351 
-0.998294 -0.560000 -0.604106 -1.000000 -0.810700 0.301399 -0.919670 0.414417 -0.478261 -0.454198 0.382979 0.945484 -0.900662 
-0.991848 -0.560000 -0.604106 -1.000000 -0.810700 0.800345 -0.886715 0.414417 -0.478261 -0.454198 0.382979 1.000000 -0.900110 
-0.999059 0.600000 -0.766862 -1.000000 -0.971193 -0.023951 -0.400618 0.471451 -1.000000 -0.511450 -0.191489 0.979777 -0.732892 
-0.999344 0.600000 -0.766862 -1.000000 -0.971193 -0.112857 -0.666323 0.471451 -1.000000 -0.511450 -0.191489 0.991326 -0.584989 
-0.999796 0.800000 -0.758798 -1.000000 -0.962963 0.491857 -0.355304 -0.053097 -0.826087 -0.782443 -0.297872 0.946745 -0.923841 
-0.986395 -0.600000 -0.742669 -1.000000 0.078189 0.970876 0.730175 -0.877893 -0.652174 -0.706107 -0.914894 0.963690 -0.812914 
-0.985227 -0.600000 -0.742669 -1.000000 0.078189 0.445488 1.000000 -0.860870 -0.652174 -0.706107 -0.914894 0.931363 -0.665563 
-0.985381 -0.600000 -0.742669 -1.000000 0.078189 0.257329 1.000000 -0.839755 -0.652174 -0.706107 -0.914894 0.974936 -0.714680 
-0.988001 -0.600000 -0.742669 -1.000000 0.078189 0.395670 0.625129 -0.821313 -0.652174 -0.706107 -0.914894 0.979323 -0.566225 
-0.988135 -0.600000 -0.742669 -1.000000 0.078189 0.517149 0.781668 -0.816275 -0.652174 -0.706107 -0.914894 0.956982 -0.694812 
-0.988450 -0.600000 -0.742669 -1.000000 0.078189 0.853612 0.824923 -0.789232 -0.652174 -0.706107 -0.914894 0.949367 -0.769316 
-0.981591 -0.600000 -0.742669 -1.000000 0.078189 0.443188 0.886715 -0.827370 -0.652174 -0.706107 -0.914894 0.982450 -0.474614 
-0.987777 -0.600000 -0.742669 -1.000000 0.078189 0.396819 0.826982 -0.854414 -0.652174 -0.706107 -0.914894 0.954562 -0.648455 
-0.983021 -0.600000 -0.742669 -1.000000 0.078189 -0.233953 0.233780 -0.844156 -0.652174 -0.706107 -0.914894 0.977306 -0.518764 
-0.982480 -0.600000 -0.742669 -1.000000 0.078189 0.323242 0.682801 -0.817530 -0.652174 -0.706107 -0.914894 0.935297 -0.279249 
-0.987141 -0.600000 -0.742669 -1.000000 -0.218107 0.814907 0.320288 -0.765025 -0.652174 -0.706107 -0.914894 0.937667 -0.684879 
-0.987992 -0.600000 -0.742669 -1.000000 -0.218107 0.497988 0.023687 -0.683111 -0.652174 -0.706107 -0.914894 0.966715 -0.921082 
-0.998104 -0.600000 -0.523460 1.000000 -0.674897 -0.095995 0.207003 -0.492966 -0.826087 -0.862595 0.276596 0.971960 -0.342163 
-0.993417 -0.600000 -0.523460 -1.000000 -0.674897 -0.120521 -0.192585 -0.399940 -0.826087 -0.862595 0.276596 0.958394 -0.378035 
-0.996498 -0.600000 -0.523460 -1.000000 -0.674897 0.026634 -0.723996 -0.399940 -0.826087 -0.862595 0.276596 1.000000 -0.731788 
-0.997566 -0.600000 -0.523460 -1.000000 -0.674897 0.140832 0.149331 -0.492966 -0.826087 -0.862595 0.276596 0.990216 -0.668874 
-0.995154 -0.600000 -0.523460 1.000000 -0.674897 0.582679 0.007209 -0.411307 -0.826087 -0.862595 0.276596 0.969086 -0.732340 
-0.998873 -0.200000 -0.563783 1.000000 -0.744856 0.225139 -0.382080 -0.463849 -0.739130 -0.744275 0.063830 1.000000 -0.900662 
-0.997983 -0.200000 -0.563783 -1.000000 -0.744856 0.261928 -0.178167 -0.429348 -0.739130 -0.744275 0.063830 1.000000 -0.931015 
-0.997789 -0.200000 -0.563783 1.000000 -0.744856 0.420195 -0.050463 -0.334794 -0.739130 -0.744275 0.063830 0.961420 -0.761589 
-0.998765 -0.200000 -0.563783 1.000000 -0.744856 0.251198 -0.491246 -0.321045 -0.739130 -0.744275 0.063830 0.982601 -0.865894 
-0.998349 -0.200000 -0.563783 -1.000000 -0.744856 0.119372 -0.398558 -0.452446 -0.739130 -0.744275 0.063830 1.000000 -0.698675 
-0.995413 -0.600000 -0.789589 -1.000000 -0.761728 0.245833 -0.396498 -0.459648 -0.652174 -0.889313 -0.510638 1.000000 -0.827815 
-0.999338 -0.600000 -0.789589 -1.000000 -0.761728 0.632113 0.268795 -0.351617 -0.652174 -0.889313 -0.510638 0.951636 -0.887969 
-0.999309 -0.600000 -0.789589 -1.000000 -0.761728 0.305614 -0.293512 -0.251589 -0.652174 -0.889313 -0.510638 0.976449 -0.842163 
-0.998764 -0.600000 -0.789589 1.000000 -0.761728 0.565051 -0.036045 -0.257554 -0.652174 -0.889313 -0.510638 0.899995 -0.929360 
-0.999805 0.800000 -0.945015 1.000000 -0.934156 0.671585 -0.548919 -0.135138 -1.000000 -0.958015 -0.787234 0.993040 -0.921082 
-0.999938 0.800000 -0.815982 -1.000000 -0.938272 0.351600 -0.631308 0.123535 -1.000000 -0.625954 -0.425532 0.989006 -0.662252 
-0.999896 0.100000 -0.868768 -1.000000 -0.983539 0.108258 -0.402678 0.123535 -1.000000 -0.568702 -0.425532 0.989006 -0.641280 
-0.999700 0.600000 -0.904692 -1.000000 -1.000000 0.022801 -0.410917 0.447608 -1.000000 -0.793893 0.191489 0.721116 -0.381898 
-0.999272 0.050000 -0.643695 -1.000000 -0.917695 0.014754 -0.415036 0.125335 -0.565217 -0.595420 -0.148936 1.000000 -0.701435 
-0.999110 0.050000 -0.643695 -1.000000 -0.917695 0.055375 -0.120494 0.125335 -0.565217 -0.595420 -0.148936 1.000000 -0.676049 
-0.999176 0.050000 -0.643695 -1.000000 -0.917695 0.151178 -0.588054 0.125335 -0.565217 -0.595420 -0.148936 0.873014 -0.570640 
-0.999355 0.600000 -0.670821 -1.000000 -0.893004 0.264610 -0.485067 -0.274868 -0.739130 -0.778626 0.404255 1.000000 -0.911700 
-0.998369 0.600000 -0.670821 -1.000000 -0.893004 0.374593 -0.489186 -0.274868 -0.739130 -0.778626 0.404255 1.000000 -0.899007 
-0.999329 0.600000 -0.670821 -1.000000 -0.893004 0.176087 -0.577755 -0.274868 -0.739130 -0.778626 0.404255 1.000000 -0.836093 
-0.998284 -1.000000 -0.013197 -1.000000 -0.786008 -0.016670 -0.680742 -0.204667 -0.739130 -0.610687 -0.276596 1.000000 -0.621965 
-0.998299 -1.000000 -0.013197 -1.000000 -0.786008 -0.061889 -0.188465 -0.204667 -0.739130 -0.610687 -0.276596 1.000000 -0.521523 
-0.997235 -1.000000 -0.013197 -1.000000 -0.786008 0.194482 -0.419156 -0.121425 -0.739130 -0.610687 -0.276596 1.000000 -0.749448 
-0.998934 -1.000000 -0.013197 -1.000000 -0.786008 0.145047 -0.009269 -0.121425 -0.739130 -0.610687 -0.276596 0.979575 -0.687638 
-0.996972 -1.000000 -0.013197 -1.000000 -0.786008 -0.145813 0.134912 -0.056025 -0.739130 -0.610687 -0.276596 1.000000 -0.221302 
-0.998689 0.400000 -0.869501 -1.000000 -0.938272 0.066871 -0.645726 0.218198 -0.652174 -0.347328 -0.531915 0.855464 -0.821192 
-0.998892 0.400000 -0.869501 -1.000000 -0.938272 0.333589 -0.853759 0.218198 -0.652174 -0.347328 -0.531915 0.872308 -0.833885 
-0.999149 0.400000 -0.869501 -1.000000 -0.938272 0.268442 -0.083419 0.218198 -0.652174 -0.347328 -0.531915 0.969540 -0.760486 
-0.999347 -0.320000 -0.587243 -1.000000 -0.802469 0.160759 -0.227600 -0.206667 -0.478261 -0.458015 -0.255319 0.994200 -0.571192 
-0.998059 -0.320000 -0.587243 -1.000000 -0.802469 0.124353 -0.680742 -0.206667 -0.478261 -0.458015 -0.255319 0.932977 -0.616998 
-0.997894 -0.320000 -0.587243 -1.000000 -0.802469 0.310979 -0.695160 -0.206667 -0.478261 -0.458015 -0.255319 0.967371 -0.827263 
-0.998902 -0.340000 -0.873900 -1.000000 -0.641975 0.408316 -0.213182 -0.473961 -0.478261 -0.866412 0.234043 0.983761 -0.713024 
-0.998910 -0.340000 -0.873900 -1.000000 -0.641975 0.170722 0.136972 -0.592540 -0.478261 -0.866412 0.234043 0.982147 -0.602649 
-0.998455 -0.340000 -0.873900 -1.000000 -0.641975 0.478827 0.421215 -0.641790 -0.478261 -0.866412 0.234043 1.000000 -0.738411 
-0.999033 -0.340000 -0.873900 -1.000000 -0.641975 0.260011 0.388260 -0.626604 -0.478261 -0.866412 0.234043 1.000000 -0.679912 
-0.989060 -1.000000 -0.307918 -1.000000 -0.345679 0.178003 0.639547 -0.602088 -0.739130 -0.553435 0.234043 1.000000 -0.844923 
-0.992288 -1.000000 -0.307918 -1.000000 -0.345679 -0.076068 0.520082 -0.641190 -0.739130 -0.553435 0.234043 0.996672 -0.545254 
-0.940898 -1.000000 -0.307918 -1.000000 -0.345679 -0.458900 -0.281153 -0.747238 -0.739130 -0.553435 0.234043 0.765747 -0.397903 
-0.982374 -1.000000 -0.307918 -1.000000 -0.345679 -0.018586 0.027806 -0.725250 -0.739130 -0.553435 0.234043 1.000000 -0.765453 
-0.994259 -1.000000 -0.307918 -1.000000 -0.345679 -0.056524 0.802266 -0.690022 -0.739130 -0.553435 0.234043 0.996974 -0.448675 
-0.994087 -1.000000 -0.307918 -1.000000 -0.345679 0.036597 0.645726 -0.612036 -0.739130 -0.553435 0.234043 0.982299 -0.659492 
-0.991843 -1.000000 -0.307918 -1.000000 -0.345679 0.151945 0.738414 -0.550291 -0.739130 -0.553435 0.234043 0.993898 -0.583333 
-0.994442 -1.000000 -0.307918 -1.000000 -0.345679 -0.178387 0.540680 -0.487965 -0.739130 -0.553435 0.234043 0.997579 -0.460817 
-0.992988 -1.000000 -0.307918 -1.000000 -0.345679 -0.098295 0.653965 -0.478217 -0.739130 -0.553435 0.234043 0.968733 -0.083885 
-0.994630 -1.000000 -0.307918 -1.000000 -0.345679 -0.148879 0.417096 -0.472197 -0.739130 -0.553435 0.234043 1.000000 -0.215784 
-0.991105 -1.000000 -0.307918 -1.000000 -0.345679 0.081050 0.324408 -0.562986 -0.739130 -0.553435 0.234043 0.991477 -0.523731 
-0.989454 -1.000000 -0.307918 -1.000000 -0.345679 -0.022035 0.151390 -0.477616 -0.739130 -0.553435 0.234043 0.996621 -0.392936 
-0.996375 -1.000000 -0.492669 -1.000000 -0.555556 0.097911 0.017508 -0.379680 -0.652174 -0.618321 0.489362 1.000000 -0.698124 
-0.996060 -1.000000 -0.492669 -1.000000 -0.555556 0.078751 0.058702 -0.379680 -0.652174 -0.618321 0.489362 1.000000 -0.716336 
-0.992249 -1.000000 -0.492669 -1.000000 -0.555556 -0.049626 -0.031926 -0.346816 -0.652174 -0.618321 0.489362 1.000000 -0.670530 
-0.993760 -1.000000 -0.492669 -1.000000 -0.555556 -0.177237 0.470649 -0.346816 -0.652174 -0.618321 0.489362 0.970901 -0.447572 
-0.992475 -1.000000 -0.492669 -1.000000 -0.555556 0.093696 -0.233780 -0.346816 -0.652174 -0.618321 0.489362 1.000000 -0.757726 
-0.995829 -1.000000 -0.492669 -1.000000 -0.555556 0.099828 -0.756952 -0.220453 -0.652174 -0.618321 0.489362 0.983761 -0.815121 
-0.993320 -1.000000 -0.492669 -1.000000 -0.555556 0.054225 -0.464470 -0.220453 -0.652174 -0.618321 0.489362 1.000000 -0.756071 
-0.994724 -1.000000 -0.492669 -1.000000 -0.555556 -0.033531 -0.159629 -0.220453 -0.652174 -0.618321 0.489362 1.000000 -0.389625 
-0.998655 -1.000000 -0.796188 -1.000000 -0.691358 -0.115923 -0.528321 -0.257063 -0.739130 -0.072519 -0.085106 0.927077 -0.545254 
-0.998631 -1.000000 -0.796188 -1.000000 -0.691358 0.062273 -0.705458 -0.257063 -0.739130 -0.072519 -0.085106 0.890615 -0.690397 
-0.999121 -1.000000 -0.796188 -1.000000 -0.691358 -0.010155 -0.396498 -0.137211 -0.739130 -0.072519 -0.085106 0.857128 -0.593819 
-0.999013 -0.300000 -0.589443 -1.000000 -0.782305 -0.178003 -0.474768 0.002301 -1.000000 -0.553435 -0.085106 0.985476 -0.409492 
-0.999363 -0.300000 -0.589443 -1.000000 -0.782305 -0.053458 -0.579815 0.002301 -1.000000 -0.553435 -0.085106 0.825256 -0.663355 
-0.998999 -1.000000 -0.653226 -1.000000 -0.465021 0.055758 -0.274974 -0.030854 -0.652174 -0.858779 0.617021 0.963740 -0.782009 
-0.999302 -1.000000 -0.653226 -1.000000 -0.465021 0.053458 -0.266735 -0.030854 -0.652174 -0.858779 0.617021 0.962177 -0.722958 
-0.999252 -1.000000 -0.653226 -1.000000 -0.465021 -0.051159 -0.349125 -0.116897 -0.652174 -0.858779 0.617021 1.000000 -0.653422 
-0.999372 -1.000000 -0.653226 -1.000000 -0.465021 -0.115539 -0.106076 -0.254063 -0.652174 -0.858779 0.617021 1.000000 -0.554636 
-0.999458 -1.000000 -0.653226 -1.000000 -0.465021 -0.105576 0.167868 -0.184243 -0.652174 -0.858779 0.617021 0.989460 -0.512693 
-0.999399 -1.000000 -0.653226 -1.000000 -0.465021 -0.042729 -0.291452 -0.330248 -0.652174 -0.858779 0.617021 0.996167 -0.625828 
-0.998906 -1.000000 -0.653226 -1.000000 -0.465021 -0.071086 -0.124614 -0.330248 -0.652174 -0.858779 0.617021 1.000000 -0.557947 
-0.998759 -1.000000 -0.653226 -1.000000 -0.465021 -0.077601 0.145211 -0.330248 -0.652174 -0.858779 0.617021 1.000000 -0.582781 
-0.999850 -0.300000 -0.922287 -1.000000 -0.765432 0.410232 -0.044284 0.074539 -1.000000 -0.629771 -0.382979 0.989107 -0.792494 
-0.999581 -1.000000 -0.895161 -1.000000 -0.452675 0.141598 0.169928 -0.065682 -1.000000 -0.103053 -0.297872 0.965001 -0.618102 
-0.999570 0.100000 -0.756598 -1.000000 -0.592593 0.201380 0.101957 -0.162946 -0.652174 -0.301527 0.063830 1.000000 -0.699227 
-0.999457 0.100000 -0.756598 -1.000000 -0.592593 0.269592 -0.480947 -0.029581 -0.652174 -0.301527 0.063830 0.954965 -0.841060 
-0.999442 -1.000000 -0.711877 -1.000000 -0.765432 -0.059973 -0.060762 0.251989 -0.826087 -0.370229 0.319149 0.943214 -0.514349 
-0.998757 -1.000000 -0.711877 -1.000000 -0.765432 -0.104426 0.017508 0.251989 -0.826087 -0.370229 0.319149 0.837158 -0.396247 
-0.999722 0.700000 -0.729472 -1.000000 -0.818930 0.132401 -0.489186 0.346870 -0.739130 -0.374046 0.127660 0.977457 -0.744481 
-0.999805 0.600000 -0.886364 -1.000000 -0.794239 0.178003 -0.447992 0.312079 -0.739130 -0.645038 -0.063830 0.969943 -0.764901 
-0.999490 -0.200000 -0.942082 -1.000000 -0.818930 0.294501 -0.349125 0.393575 -1.000000 -0.435115 0.510638 0.964446 -0.770419 
-0.998746 -0.200000 -0.942082 -1.000000 -0.818930 0.122437 -0.145211 0.393575 -1.000000 -0.435115 0.510638 1.000000 -0.765453 
-0.998355 0.200000 -0.909824 -1.000000 -0.893004 0.156543 -0.320288 0.742437 -0.739130 -0.145038 0.212766 0.868274 -0.792494 
-0.998514 0.200000 -0.909824 -1.000000 -0.893004 -0.109791 -0.678682 0.742437 -0.739130 -0.145038 0.212766 0.976953 -0.665563 
-0.999758 0.800000 -0.885630 -1.000000 -0.897119 0.213642 -0.316169 1.000000 -0.652174 -1.000000 -0.063830 0.937264 -0.847130 
-0.999175 0.600000 -0.893695 -1.000000 -0.884774 -0.194482 -0.608651 0.719776 -0.739130 -0.438931 1.000000 0.928892 -0.651214 
-0.997746 0.600000 -0.893695 -1.000000 -0.884774 -0.089864 -0.658084 0.719776 -0.739130 -0.438931 1.000000 0.894801 -0.788079 
-0.798209 -1.000000 0.293255 1.000000 0.584362 0.015903 0.946447 -0.819476 1.000000 0.828244 0.617021 0.903323 -0.124172 
-0.913603 -1.000000 0.293255 1.000000 0.584362 0.086032 0.814624 -0.749820 1.000000 0.828244 0.617021 0.971960 -0.363135 
-0.883209 -1.000000 0.293255 1.000000 0.584362 -0.016670 0.658084 -0.710264 1.000000 0.828244 0.617021 0.992587 -0.461921 
-0.904350 -1.000000 0.293255 -1.000000 0.584362 -0.022418 0.614830 -0.749111 1.000000 0.828244 0.617021 0.968934 -0.396247 
-0.898042 -1.000000 0.293255 -1.000000 0.584362 0.087181 0.752832 -0.747456 1.000000 0.828244 0.617021 0.887337 -0.665563 
-0.913892 -1.000000 0.293255 -1.000000 0.584362 0.030849 0.816684 -0.787958 1.000000 0.828244 0.617021 0.766756 -0.312362 
-0.917457 -1.000000 0.293255 -1.000000 0.584362 -0.309829 0.921730 -0.822859 1.000000 0.828244 0.617021 0.918755 -0.533113 
-0.905225 -1.000000 0.293255 1.000000 0.584362 -0.140832 0.773429 -0.859033 1.000000 0.828244 0.617021 0.778809 -0.287528 
-0.922042 -1.000000 0.293255 1.000000 0.370370 1.000000 0.647786 -0.859033 1.000000 0.828244 0.617021 0.786424 -0.803532 
-0.897728 -1.000000 0.293255 -1.000000 0.370370 -1.000000 0.750772 -0.912048 1.000000 0.828244 0.617021 0.787180 -0.702539 
-0.917036 -1.000000 0.293255 -1.000000 0.370370 -0.462732 0.822863 -0.886750 1.000000 0.828244 0.617021 0.592163 -0.322848 
-0.696170 -1.000000 0.293255 -1.000000 0.012346 -0.884269 1.000000 -0.930708 1.000000 0.828244 0.617021 -0.338847 -0.359823 
-0.890032 -1.000000 0.293255 -1.000000 0.012346 -0.460050 1.000000 -0.963099 1.000000 0.828244 0.617021 0.892178 -0.915563 
-0.872684 -1.000000 0.293255 1.000000 0.012346 0.196398 0.934089 -0.958697 1.000000 0.828244 0.617021 0.891220 -0.889625 
-0.853154 -1.000000 0.293255 1.000000 0.012346 0.324008 0.948507 -0.986760 1.000000 0.828244 0.617021 0.975541 -0.932119 
-0.792604 -1.000000 0.293255 -1.000000 0.012346 0.017436 1.000000 -0.992816 1.000000 0.828244 0.617021 0.844924 -0.569536 
-0.814298 -1.000000 0.293255 1.000000 0.164609 -0.113240 0.785788 -1.000000 1.000000 0.828244 0.617021 0.752786 -0.605408 
-0.750437 -1.000000 0.293255 -1.000000 0.164609 -0.484576 1.000000 -0.991889 1.000000 0.828244 0.617021 1.000000 0.823400 
-0.584311 -1.000000 0.293255 -1.000000 0.164609 -0.778885 1.000000 -0.998654 1.000000 0.828244 0.617021 1.000000 1.000000 
-0.559339 -1.000000 0.293255 -1.000000 0.176955 0.437823 0.956746 -0.966045 1.000000 0.828244 0.617021 1.000000 -0.353753 
-0.656475 -1.000000 0.293255 -1.000000 0.176955 0.183368 0.861998 -0.960844 1.000000 0.828244 0.617021 0.829139 0.187086 
-0.779315 -1.000000 0.293255 -1.000000 0.176955 0.238935 0.975283 -0.958461 1.000000 0.828244 0.617021 1.000000 0.076711 
-0.468542 -1.000000 0.293255 -1.000000 0.176955 0.080284 0.921730 -0.953350 1.000000 0.828244 0.617021 1.000000 0.211921 
-0.598507 -1.000000 0.293255 -1.000000 0.176955 0.020119 1.000000 -0.953350 1.000000 0.828244 0.617021 0.984064 0.106512 
1.000000 -1.000000 0.293255 -1.000000 0.176955 0.305614 0.833162 -0.947822 1.000000 0.828244 0.617021 1.000000 -0.145695 
-0.643293 -1.000000 0.293255 -1.000000 0.176955 0.143514 0.981462 -0.929144 1.000000 0.828244 0.617021 1.000000 0.067881 
-0.793622 -1.000000 0.293255 -1.000000 0.296296 -0.243150 1.000000 -0.918013 1.000000 0.828244 0.617021 1.000000 0.206954 
-0.820475 -1.000000 0.293255 -1.000000 0.296296 -0.249281 1.000000 -0.926616 1.000000 0.828244 0.617021 1.000000 0.259934 
-0.548643 -1.000000 0.293255 -1.000000 0.296296 -0.690745 0.818744 -0.943639 1.000000 0.828244 0.617021 0.439861 0.594923 
-0.622221 -1.000000 0.293255 -1.000000 0.296296 -0.342403 0.960865 -0.946076 1.000000 0.828244 0.617021 1.000000 0.604857 
-0.451781 -1.000000 0.293255 -1.000000 0.296296 -0.581912 1.000000 -0.938601 1.000000 0.828244 0.617021 1.000000 0.465232 
-0.492170 -1.000000 0.293255 -1.000000 0.296296 -0.448553 0.783728 -0.929289 1.000000 0.828244 0.617021 1.000000 0.669978 
-0.677927 -1.000000 0.293255 -1.000000 0.296296 -0.494539 1.000000 -0.916358 1.000000 0.828244 0.617021 0.879066 0.594371 
-0.816895 -1.000000 0.293255 -1.000000 0.296296 -0.299099 0.977343 -0.891151 1.000000 0.828244 0.617021 1.000000 0.055188 
-0.843636 -1.000000 0.293255 -1.000000 0.296296 -0.175321 0.938208 -0.855068 1.000000 0.828244 0.617021 0.987543 -0.151214 
-0.881157 -1.000000 0.293255 -1.000000 0.296296 -0.045794 0.639547 -0.811183 1.000000 0.828244 0.617021 0.906601 -0.060155 
-0.739876 -1.000000 0.293255 -1.000000 0.296296 -0.434758 0.938208 -0.883531 1.000000 0.828244 0.617021 1.000000 0.321744 
-0.805812 -1.000000 0.293255 -1.000000 0.267490 0.008622 0.847580 -0.879675 1.000000 0.828244 0.617021 1.000000 -0.258278 
-0.699820 -1.000000 0.293255 -1.000000 0.267490 -0.108642 0.890834 -0.881330 1.000000 0.828244 0.617021 1.000000 -0.193157 
-0.804194 -1.000000 0.293255 -1.000000 0.267490 0.115156 0.975283 -0.891588 1.000000 0.828244 0.617021 0.975188 -0.150662 
-0.868141 -1.000000 0.293255 -1.000000 0.267490 0.089864 0.917611 -0.900481 1.000000 0.828244 0.617021 1.000000 -0.026490 
-0.827679 -1.000000 0.293255 -1.000000 0.267490 -0.162292 0.977343 -0.908374 1.000000 0.828244 0.617021 0.980836 0.003863 
-0.138012 -1.000000 0.293255 -1.000000 0.267490 -0.274957 1.000000 -0.934527 1.000000 0.828244 0.617021 1.000000 0.592715 
-0.777223 -1.000000 0.293255 -1.000000 0.267490 -0.122054 0.542739 -0.932563 1.000000 0.828244 0.617021 0.703767 0.558499 
-0.437118 -1.000000 0.293255 -1.000000 0.267490 -0.070320 1.000000 -0.916486 1.000000 0.828244 0.617021 1.000000 0.381898 
-0.680119 -1.000000 0.293255 -1.000000 0.267490 0.066105 1.000000 -0.919159 1.000000 0.828244 0.617021 1.000000 0.025938 
-0.784435 -1.000000 0.293255 -1.000000 0.267490 0.089481 1.000000 -0.907356 1.000000 0.828244 0.617021 0.895154 0.025386 
-0.442612 -1.000000 0.293255 -1.000000 0.267490 -0.314811 0.917611 -0.895752 1.000000 0.828244 0.617021 1.000000 -0.004415 
-0.066586 -1.000000 0.293255 -1.000000 0.267490 -0.245066 0.699279 -0.913103 1.000000 0.828244 0.617021 0.659892 0.415563 
0.526685 -1.000000 0.293255 -1.000000 0.267490 -0.186817 1.000000 -0.946203 1.000000 0.828244 0.617021 0.939836 0.172737 
-0.534452 -1.000000 0.293255 -1.000000 0.127572 -0.778885 1.000000 -0.991179 1.000000 0.828244 0.617021 0.865450 0.192605 
-0.731487 -1.000000 0.293255 -1.000000 0.127572 -0.215559 1.000000 -0.971701 1.000000 0.828244 0.617021 0.673155 -0.426049 
-0.833706 -1.000000 0.293255 -1.000000 -0.127572 -0.212110 0.956746 -0.940874 1.000000 0.828244 0.617021 0.585153 0.361479 
-0.675576 -1.000000 0.293255 -1.000000 -0.127572 0.261161 1.000000 -0.938910 1.000000 0.828244 0.617021 -0.097080 -0.003863 
0.149366 -1.000000 0.293255 -1.000000 -0.127572 -0.158459 1.000000 -0.948458 1.000000 0.828244 0.617021 -0.988502 -0.537528 
-0.684289 -1.000000 0.293255 -1.000000 -0.127572 0.186434 1.000000 -0.927634 1.000000 0.828244 0.617021 -0.824852 0.075607 
-0.577280 -1.000000 0.293255 -1.000000 -0.127572 -0.591109 1.000000 -0.922833 1.000000 0.828244 0.617021 -0.856422 0.801325 
-0.355974 -1.000000 0.293255 -1.000000 -0.127572 -0.389155 1.000000 -0.916376 1.000000 0.828244 0.617021 0.062333 0.012693 
0.028208 -1.000000 0.293255 -1.000000 0.267490 -0.632880 1.000000 -0.903864 1.000000 0.828244 0.617021 -0.556458 0.945364 
-0.593609 -1.000000 0.293255 -1.000000 0.209877 0.100977 1.000000 -0.871764 1.000000 0.828244 0.617021 -0.864189 0.507726 
-0.756594 -1.000000 0.293255 -1.000000 0.209877 0.234336 0.810505 -0.874528 1.000000 0.828244 0.617021 -0.892834 0.327815 
-0.417010 -1.000000 0.293255 -1.000000 0.209877 -0.332056 0.775489 -0.905810 1.000000 0.828244 0.617021 -0.359322 0.374724 
0.652869 -1.000000 0.293255 -1.000000 0.209877 -0.081816 1.000000 -0.877602 1.000000 0.828244 0.617021 -0.918654 0.042494 
-0.734607 -1.000000 0.293255 -1.000000 0.370370 0.250431 0.515963 -0.879166 1.000000 0.828244 0.617021 -0.757275 0.159492 
-0.750903 -1.000000 0.293255 -1.000000 0.370370 0.092163 1.000000 -0.867363 1.000000 0.828244 0.617021 0.605880 -0.266556 
-0.842278 -1.000000 0.293255 -1.000000 0.370370 -0.063039 0.903193 -0.864507 1.000000 0.828244 0.617021 0.612083 -0.229029 
-0.729304 -1.000000 0.293255 -1.000000 -0.057613 -0.200230 0.744593 -0.850576 1.000000 0.828244 0.617021 0.468707 -0.317329 
-0.841652 -1.000000 0.293255 -1.000000 -0.057613 -0.025867 0.693100 -0.837736 1.000000 0.828244 0.617021 -0.988905 0.189845 
-0.802499 -1.000000 0.293255 -1.000000 -0.181070 -0.232037 0.394439 -0.830152 1.000000 0.828244 0.617021 -0.983206 -0.148455 
-0.643610 -1.000000 0.293255 -1.000000 0.209877 -0.105193 0.905252 -0.858142 1.000000 0.828244 0.617021 -0.962883 0.250552 
-0.724831 -1.000000 0.293255 -1.000000 -0.181070 -0.127802 0.169928 -0.842137 1.000000 0.828244 0.617021 -0.877301 -0.229581 
-0.153521 -1.000000 0.293255 -1.000000 0.209877 0.012071 0.561277 -0.866635 1.000000 0.828244 0.617021 -0.906702 -0.294150 
-0.834533 -1.000000 0.293255 -1.000000 0.209877 0.008622 0.548919 -0.853413 1.000000 0.828244 0.617021 -0.513793 0.092163 
-0.790208 -1.000000 0.293255 -1.000000 0.209877 0.080284 0.909372 -0.847484 1.000000 0.828244 0.617021 -0.695396 0.233444 
-0.809243 -1.000000 0.293255 -1.000000 -0.181070 0.068021 0.713697 -0.832116 1.000000 0.828244 0.617021 -0.580766 -0.121965 
-0.773946 -1.000000 0.293255 -1.000000 -0.181070 0.253880 0.882595 -0.825660 1.000000 0.828244 0.617021 -0.591457 -0.008830 
-0.855283 -1.000000 0.293255 -1.000000 -0.181070 0.097528 0.480947 -0.805254 1.000000 0.828244 0.617021 -0.507640 -0.431567 
-0.874682 -1.000000 0.293255 -1.000000 0.349794 0.101744 0.750772 -0.784266 1.000000 0.828244 0.617021 -0.496344 -0.200331 
-0.687376 -1.000000 0.293255 -1.000000 0.349794 0.014371 0.897013 -0.801289 1.000000 0.828244 0.617021 -0.494125 -0.258278 
-0.749262 -1.000000 0.293255 -1.000000 0.460905 0.175704 0.888774 -0.819022 1.000000 0.828244 0.617021 -0.447627 0.188742 
-0.675969 -1.000000 0.293255 -1.000000 0.460905 0.111324 0.861998 -0.841228 1.000000 0.828244 0.617021 -0.862978 -0.099338 
-0.658966 -1.000000 0.293255 -1.000000 0.460905 -0.007089 1.000000 -0.857305 1.000000 0.828244 0.617021 -0.954612 0.364238 
-0.692665 -1.000000 0.293255 -1.000000 0.460905 -0.090247 0.750772 -0.874328 1.000000 0.828244 0.617021 -0.653891 0.782009 
-0.789045 -1.000000 0.293255 -1.000000 0.460905 -0.208277 0.874356 -0.874947 1.000000 0.828244 0.617021 1.000000 0.167219 
-0.504444 -1.000000 0.293255 -1.000000 0.460905 -0.135083 0.843460 -0.866035 1.000000 0.828244 0.617021 0.972515 0.124724 
-0.781547 -1.000000 0.293255 -1.000000 0.460905 0.090247 0.942327 -0.829861 1.000000 0.828244 0.617021 0.944828 -0.018212 
-0.872765 -1.000000 0.293255 -1.000000 0.460905 0.018586 1.000000 -0.840828 1.000000 0.828244 0.617021 0.993898 -0.179912 
-0.776099 -1.000000 0.293255 -1.000000 0.460905 0.120521 1.000000 -0.845629 1.000000 0.828244 0.617021 0.948711 -0.055188 
-0.712353 -1.000000 0.293255 -1.000000 0.460905 -0.121288 0.929969 -0.860688 1.000000 0.828244 0.617021 0.211357 0.217439 
-0.760245 -1.000000 0.293255 -1.000000 0.460905 0.110558 0.892894 -0.843901 1.000000 0.828244 0.617021 -0.784457 0.227925 
-0.858789 -1.000000 0.293255 -1.000000 0.460905 0.065338 0.925850 -0.828606 1.000000 0.828244 0.617021 0.602148 -0.113687 
-0.777036 -1.000000 0.293255 -1.000000 0.460905 0.030849 0.929969 -0.805691 1.000000 0.828244 0.617021 0.957739 -0.188190 
-0.790429 -1.000000 0.293255 -1.000000 0.349794 0.005557 0.973223 -0.794124 1.000000 0.828244 0.617021 1.000000 -0.094923 
-0.830961 -1.000000 0.293255 -1.000000 0.349794 0.094463 0.964985 -0.808055 1.000000 0.828244 0.617021 0.532553 -0.029801 
-0.849131 -1.000000 0.293255 -1.000000 0.349794 0.221690 0.847580 -0.782848 1.000000 0.828244 0.617021 -1.000000 -0.133002 
-0.877828 -1.000000 0.293255 -1.000000 0.349794 0.185668 0.962925 -0.777101 1.000000 0.828244 0.617021 0.790156 -0.116998 
-0.885718 -1.000000 0.293255 -1.000000 0.349794 0.048477 0.831102 -0.774737 1.000000 0.828244 0.617021 0.940441 -0.142384 
-0.814729 -1.000000 0.293255 -1.000000 0.349794 0.468481 0.985582 -0.759369 1.000000 0.828244 0.617021 0.893943 -0.171634 
-0.786280 -1.000000 0.293255 -1.000000 0.349794 0.213642 0.878476 -0.751475 1.000000 0.828244 0.617021 -0.967926 -0.062914 
-0.893311 -1.000000 0.293255 -1.000000 0.349794 0.135850 0.721936 -0.762442 1.000000 0.828244 0.617021 -0.744818 -0.094923 
-0.895189 -1.000000 0.293255 -1.000000 0.349794 -0.074535 0.750772 -0.736107 1.000000 0.828244 0.617021 -0.948762 -0.046358 
-0.815797 -1.000000 0.293255 -1.000000 0.349794 -0.089864 0.594233 -0.699988 1.000000 0.828244 0.617021 -0.983963 -0.160596 
-0.825876 -1.000000 0.293255 -1.000000 0.349794 0.050010 0.664264 -0.699279 1.000000 0.828244 0.617021 0.371174 -0.199779 
-0.847255 -1.000000 0.293255 -1.000000 0.349794 -0.034298 0.678682 -0.711210 1.000000 0.828244 0.617021 1.000000 -0.284216 
-0.891968 -1.000000 0.293255 -1.000000 0.349794 0.203296 0.794027 -0.733034 1.000000 0.828244 0.617021 0.285541 -0.189294 
-0.917123 -1.000000 0.293255 -1.000000 0.349794 0.078751 0.761071 -0.738563 1.000000 0.828244 0.617021 0.972414 -0.286976 
-0.850543 -1.000000 0.293255 -1.000000 0.349794 0.056141 0.649846 -0.708136 1.000000 0.828244 0.617021 1.000000 -0.323400 
-0.869285 -1.000000 0.293255 -1.000000 0.349794 0.131251 0.791967 -0.695914 1.000000 0.828244 0.617021 0.984467 -0.527594 
-0.823918 -1.000000 0.293255 -1.000000 0.111111 0.014754 0.287333 -0.666488 1.000000 0.828244 0.617021 1.000000 -0.365894 
-0.929026 -1.000000 0.293255 -1.000000 0.111111 -0.157693 -0.066941 -0.647737 1.000000 0.828244 0.617021 0.684805 -0.315673 
-0.915282 -1.000000 0.293255 -1.000000 0.111111 -0.083733 0.684861 -0.683202 1.000000 0.828244 0.617021 -0.890615 -0.149007 
-0.900731 -1.000000 0.293255 -1.000000 -0.181070 -0.064188 0.886715 -0.743437 1.000000 0.828244 0.617021 0.669121 0.081126 
-0.650008 -1.000000 0.293255 -1.000000 -0.197531 -0.093696 0.402678 -0.676491 1.000000 0.828244 0.617021 0.857986 -0.094923 
-0.706220 -1.000000 0.293255 -1.000000 -0.197531 -0.175321 0.108136 -0.691895 1.000000 0.828244 0.617021 1.000000 -0.280905 
-0.902383 -1.000000 0.293255 -1.000000 -0.197531 -0.001341 0.670443 -0.653757 1.000000 0.828244 0.617021 1.000000 -0.196468 
-0.909361 -1.000000 0.293255 -1.000000 -0.395062 0.022418 0.808445 -0.641772 1.000000 0.828244 0.617021 0.992082 -0.385210 
-0.919920 -1.000000 0.293255 -1.000000 -0.197531 0.102127 0.485067 -0.678655 1.000000 0.828244 0.617021 0.982198 -0.302980 
-0.895682 -1.000000 0.293255 -1.000000 -0.057613 0.310213 0.332647 -0.744783 1.000000 0.828244 0.617021 0.887942 -0.451987 
-0.819052 -1.000000 0.293255 -1.000000 -0.181070 -0.284920 0.905252 -0.763533 1.000000 0.828244 0.617021 0.776489 -0.094371 
-0.856428 -1.000000 0.293255 -1.000000 -0.181070 -0.003257 0.946447 -0.804236 1.000000 0.828244 0.617021 0.525241 0.234547 
-0.890635 -1.000000 0.293255 -1.000000 -0.057613 0.120138 0.868177 -0.786176 1.000000 0.828244 0.617021 0.996520 -0.064570 
-0.662423 -1.000000 0.293255 -1.000000 -0.057613 -0.332056 0.944387 -0.823387 1.000000 0.828244 0.617021 0.760855 0.279249 
-0.770109 -1.000000 0.293255 -1.000000 -0.057613 0.005557 0.932029 -0.810692 1.000000 0.828244 0.617021 0.913258 -0.100442 
-0.677927 -1.000000 0.293255 -1.000000 -0.057613 0.022418 0.752832 -0.850576 1.000000 0.828244 0.617021 0.931514 -0.371965 
-0.869221 -1.000000 0.293255 -1.000000 -0.395062 0.027400 0.272915 -0.582682 1.000000 0.828244 0.617021 1.000000 -0.502759 
-0.871825 -1.000000 0.293255 -1.000000 -0.395062 0.222073 0.483007 -0.599505 1.000000 0.828244 0.617021 0.980685 -0.668322 
-0.871308 -1.000000 0.293255 -1.000000 -0.395062 0.341253 0.526262 -0.585156 1.000000 0.828244 0.617021 0.991830 -0.708609 
-0.936786 -1.000000 0.293255 -1.000000 -0.395062 -0.156543 -0.229660 -0.460084 1.000000 0.828244 0.617021 0.979928 -0.520419 
-0.946673 -1.000000 0.293255 -1.000000 -0.185185 -0.114773 -0.196704 -0.528158 1.000000 0.828244 0.617021 0.868022 -0.359272 
-0.917560 -1.000000 0.293255 -1.000000 -0.185185 0.054225 0.009269 -0.479471 1.000000 0.828244 0.617021 0.958243 -0.511589 
-0.872194 -1.000000 0.293255 -1.000000 -0.185185 -0.021652 0.583934 -0.560549 1.000000 0.828244 0.617021 0.978718 -0.268764 
-0.891439 -1.000000 0.293255 -1.000000 -0.185185 -0.101744 0.036045 -0.632133 1.000000 0.828244 0.617021 0.956226 -0.463576 
-0.996751 -1.000000 1.000000 -1.000000 -0.078189 -0.274574 0.849640 -0.874274 -0.739130 1.000000 0.595745 0.990872 -0.098786 
-0.996020 -1.000000 1.000000 -1.000000 -0.078189 -0.289902 0.964985 -0.886186 -0.739130 1.000000 0.595745 0.733471 0.227373 
-0.995478 -1.000000 1.000000 -1.000000 -0.078189 -0.412914 0.958805 -0.873964 -0.739130 1.000000 0.595745 0.604266 0.542494 
-0.997765 -1.000000 1.000000 -1.000000 -0.078189 -0.071853 0.975283 -0.865689 -0.739130 1.000000 0.595745 0.965757 -0.098234 
-0.997640 -1.000000 1.000000 -1.000000 -0.078189 -0.071853 0.660144 -0.821713 -0.739130 1.000000 0.595745 1.000000 -0.358720 
-0.996246 -1.000000 -0.323314 -1.000000 -0.176955 -0.177620 0.052523 -0.772281 -0.565217 -0.221374 0.404255 1.000000 -0.432671 
-0.993857 -1.000000 -0.323314 -1.000000 -0.176955 -0.093696 -0.182286 -0.772281 -0.565217 -0.221374 0.404255 1.000000 -0.345475 
-0.996118 -1.000000 -0.323314 -1.000000 -0.176955 -0.191799 -0.466529 -0.696460 -0.565217 -0.221374 0.404255 0.981794 -0.124172 
-0.993632 -1.000000 -0.323314 -1.000000 -0.176955 -0.299099 0.441813 -0.696460 -0.565217 -0.221374 0.404255 1.000000 0.071192 
-0.994109 -1.000000 -0.323314 -1.000000 -0.176955 -0.144281 0.394439 -0.679346 -0.565217 -0.221374 0.404255 1.000000 -0.317329 
-0.994767 -1.000000 -0.323314 -1.000000 -0.176955 -0.058057 0.285273 -0.767298 -0.565217 -0.221374 0.404255 1.000000 -0.382450 
-0.996145 -1.000000 -0.323314 -1.000000 -0.176955 -0.230504 0.454171 -0.768971 -0.565217 -0.221374 0.404255 0.994301 -0.262141 
-0.995098 -1.000000 -0.323314 -1.000000 -0.176955 -0.054991 0.581874 -0.751093 -0.565217 -0.221374 0.404255 1.000000 -0.304636 
-0.998734 -1.000000 -0.159091 -1.000000 -0.226337 0.161908 0.363543 -0.754658 -1.000000 -0.671756 0.787234 0.975238 -0.561810 
-0.999124 -1.000000 -0.159091 -1.000000 -0.226337 -0.019352 0.520082 -0.789413 -1.000000 -0.671756 0.787234 1.000000 -0.594371 
-0.998776 -1.000000 -0.159091 -1.000000 -0.226337 0.308680 0.814624 -0.811238 -1.000000 -0.671756 0.787234 1.000000 -0.784216 
-0.997679 -1.000000 -0.159091 -1.000000 -0.226337 0.238935 0.779609 -0.770972 -1.000000 -0.671756 0.787234 0.982601 -0.737859 
-0.999076 -1.000000 -0.159091 -1.000000 -0.226337 -0.053842 0.604531 -0.749857 -1.000000 -0.671756 0.787234 1.000000 -0.660596 
