24 
2.160000e+001 
3.470000e+001 
3.340000e+001 
3.620000e+001 
2.870000e+001 
2.290000e+001 
2.710000e+001 
1.650000e+001 
1.890000e+001 
15 
1.890000e+001 
2.170000e+001 
2.040000e+001 
1.820000e+001 
1.990000e+001 
2.310000e+001 
1.750000e+001 
2.020000e+001 
1.820000e+001 
1.360000e+001 
1.960000e+001 
1.520000e+001 
1.450000e+001 
1.560000e+001 
1.390000e+001 
1.660000e+001 
1.480000e+001 
1.840000e+001 
21 
1.270000e+001 
1.450000e+001 
1.320000e+001 
1.310000e+001 
1.350000e+001 
1.890000e+001 
20 
21 
2.470000e+001 
3.080000e+001 
3.490000e+001 
2.660000e+001 
2.530000e+001 
2.470000e+001 
2.120000e+001 
1.930000e+001 
20 
1.660000e+001 
1.440000e+001 
1.940000e+001 
1.970000e+001 
2.050000e+001 
25 
2.340000e+001 
1.890000e+001 
3.540000e+001 
2.470000e+001 
3.160000e+001 
2.330000e+001 
1.960000e+001 
1.870000e+001 
16 
2.220000e+001 
25 
33 
2.350000e+001 
1.940000e+001 
22 
1.740000e+001 
2.090000e+001 
2.420000e+001 
2.170000e+001 
2.280000e+001 
2.340000e+001 
2.410000e+001 
2.140000e+001 
20 
2.080000e+001 
2.120000e+001 
2.030000e+001 
28 
2.390000e+001 
2.480000e+001 
2.290000e+001 
2.390000e+001 
2.660000e+001 
2.250000e+001 
2.220000e+001 
2.360000e+001 
2.870000e+001 
2.260000e+001 
22 
2.290000e+001 
25 
2.060000e+001 
2.840000e+001 
2.140000e+001 
3.870000e+001 
4.380000e+001 
3.320000e+001 
2.750000e+001 
2.650000e+001 
1.860000e+001 
1.930000e+001 
2.010000e+001 
1.950000e+001 
1.950000e+001 
2.040000e+001 
1.980000e+001 
1.940000e+001 
2.170000e+001 
2.280000e+001 
1.880000e+001 
1.870000e+001 
1.850000e+001 
1.830000e+001 
2.120000e+001 
1.920000e+001 
2.040000e+001 
1.930000e+001 
22 
2.030000e+001 
2.050000e+001 
1.730000e+001 
1.880000e+001 
2.140000e+001 
1.570000e+001 
1.620000e+001 
18 
1.430000e+001 
1.920000e+001 
1.960000e+001 
23 
1.840000e+001 
1.560000e+001 
1.810000e+001 
1.740000e+001 
1.710000e+001 
1.330000e+001 
1.780000e+001 
14 
1.440000e+001 
1.340000e+001 
1.560000e+001 
1.180000e+001 
1.380000e+001 
1.560000e+001 
1.460000e+001 
1.780000e+001 
1.540000e+001 
2.150000e+001 
1.960000e+001 
1.530000e+001 
1.940000e+001 
17 
1.560000e+001 
1.310000e+001 
4.130000e+001 
2.430000e+001 
2.330000e+001 
27 
50 
50 
50 
2.270000e+001 
25 
50 
2.380000e+001 
2.380000e+001 
2.230000e+001 
1.740000e+001 
1.910000e+001 
2.310000e+001 
2.360000e+001 
2.260000e+001 
2.940000e+001 
2.320000e+001 
2.460000e+001 
2.990000e+001 
3.720000e+001 
3.980000e+001 
3.620000e+001 
3.790000e+001 
3.250000e+001 
2.640000e+001 
2.960000e+001 
50 
32 
2.980000e+001 
3.490000e+001 
37 
3.050000e+001 
3.640000e+001 
3.110000e+001 
2.910000e+001 
50 
3.330000e+001 
3.030000e+001 
3.460000e+001 
3.490000e+001 
3.290000e+001 
2.410000e+001 
4.230000e+001 
4.850000e+001 
50 
2.260000e+001 
2.440000e+001 
2.250000e+001 
2.440000e+001 
20 
2.170000e+001 
1.930000e+001 
2.240000e+001 
2.810000e+001 
2.370000e+001 
25 
2.330000e+001 
2.870000e+001 
2.150000e+001 
23 
2.670000e+001 
2.170000e+001 
2.750000e+001 
3.010000e+001 
4.480000e+001 
50 
3.760000e+001 
3.160000e+001 
4.670000e+001 
3.150000e+001 
2.430000e+001 
3.170000e+001 
4.170000e+001 
4.830000e+001 
29 
24 
2.510000e+001 
3.150000e+001 
2.370000e+001 
2.330000e+001 
22 
2.010000e+001 
2.220000e+001 
2.370000e+001 
1.760000e+001 
1.850000e+001 
2.430000e+001 
2.050000e+001 
2.450000e+001 
2.620000e+001 
2.440000e+001 
2.480000e+001 
2.960000e+001 
4.280000e+001 
2.190000e+001 
2.090000e+001 
44 
50 
36 
3.010000e+001 
3.380000e+001 
4.310000e+001 
4.880000e+001 
31 
3.650000e+001 
2.280000e+001 
3.070000e+001 
50 
4.350000e+001 
2.070000e+001 
2.110000e+001 
2.520000e+001 
2.440000e+001 
3.520000e+001 
3.240000e+001 
32 
3.320000e+001 
3.310000e+001 
2.910000e+001 
3.510000e+001 
4.540000e+001 
3.540000e+001 
46 
50 
3.220000e+001 
22 
2.010000e+001 
2.320000e+001 
2.230000e+001 
2.480000e+001 
2.850000e+001 
3.730000e+001 
2.790000e+001 
2.390000e+001 
2.170000e+001 
2.860000e+001 
2.710000e+001 
2.030000e+001 
2.250000e+001 
29 
2.480000e+001 
22 
2.640000e+001 
3.310000e+001 
3.610000e+001 
2.840000e+001 
3.340000e+001 
2.820000e+001 
2.280000e+001 
2.030000e+001 
1.610000e+001 
2.210000e+001 
1.940000e+001 
2.160000e+001 
2.380000e+001 
1.620000e+001 
1.780000e+001 
1.980000e+001 
2.310000e+001 
21 
2.380000e+001 
2.310000e+001 
2.040000e+001 
1.850000e+001 
25 
2.460000e+001 
23 
2.220000e+001 
1.930000e+001 
2.260000e+001 
1.980000e+001 
1.710000e+001 
1.940000e+001 
2.220000e+001 
2.070000e+001 
2.110000e+001 
1.950000e+001 
1.850000e+001 
2.060000e+001 
19 
1.870000e+001 
3.270000e+001 
1.650000e+001 
2.390000e+001 
3.120000e+001 
1.750000e+001 
1.720000e+001 
2.310000e+001 
2.450000e+001 
2.660000e+001 
2.290000e+001 
2.410000e+001 
1.860000e+001 
3.010000e+001 
1.820000e+001 
2.060000e+001 
1.780000e+001 
2.170000e+001 
2.270000e+001 
2.260000e+001 
25 
1.990000e+001 
2.080000e+001 
1.680000e+001 
2.190000e+001 
2.750000e+001 
2.190000e+001 
2.310000e+001 
50 
50 
50 
50 
50 
1.380000e+001 
1.380000e+001 
15 
1.390000e+001 
1.330000e+001 
1.310000e+001 
1.020000e+001 
1.040000e+001 
1.090000e+001 
1.130000e+001 
1.230000e+001 
8.800000e+000 
7.200000e+000 
1.050000e+001 
7.400000e+000 
1.020000e+001 
1.150000e+001 
1.510000e+001 
2.320000e+001 
9.700000e+000 
1.380000e+001 
1.270000e+001 
1.310000e+001 
1.250000e+001 
8.500000e+000 
5 
6.300000e+000 
5.600000e+000 
7.200000e+000 
1.210000e+001 
8.300000e+000 
8.500000e+000 
5 
1.190000e+001 
2.790000e+001 
1.720000e+001 
2.750000e+001 
15 
1.720000e+001 
1.790000e+001 
1.630000e+001 
7 
7.200000e+000 
7.500000e+000 
1.040000e+001 
8.800000e+000 
8.400000e+000 
1.670000e+001 
1.420000e+001 
2.080000e+001 
1.340000e+001 
1.170000e+001 
8.300000e+000 
1.020000e+001 
1.090000e+001 
11 
9.500000e+000 
1.450000e+001 
1.410000e+001 
1.610000e+001 
1.430000e+001 
1.170000e+001 
1.340000e+001 
9.600000e+000 
8.700000e+000 
8.400000e+000 
1.280000e+001 
1.050000e+001 
1.710000e+001 
1.840000e+001 
1.540000e+001 
1.080000e+001 
1.180000e+001 
1.490000e+001 
1.260000e+001 
1.410000e+001 
13 
1.340000e+001 
1.520000e+001 
1.610000e+001 
1.780000e+001 
1.490000e+001 
1.410000e+001 
1.270000e+001 
1.350000e+001 
1.490000e+001 
20 
1.640000e+001 
1.770000e+001 
1.950000e+001 
2.020000e+001 
2.140000e+001 
1.990000e+001 
19 
1.910000e+001 
1.910000e+001 
2.010000e+001 
1.990000e+001 
1.960000e+001 
2.320000e+001 
2.980000e+001 
1.380000e+001 
1.330000e+001 
1.670000e+001 
12 
1.460000e+001 
2.140000e+001 
23 
2.370000e+001 
25 
2.180000e+001 
2.060000e+001 
2.120000e+001 
1.910000e+001 
2.060000e+001 
1.520000e+001 
7 
8.100000e+000 
1.360000e+001 
2.010000e+001 
2.180000e+001 
2.450000e+001 
2.310000e+001 
1.970000e+001 
1.830000e+001 
2.120000e+001 
1.750000e+001 
1.680000e+001 
2.240000e+001 
2.060000e+001 
2.390000e+001 
22 
1.190000e+001 
