1.070800e+000 
1.085300e+000 
1.041400e+000 
1.075100e+000 
1.034000e+000 
1.050200e+000 
1.054900e+000 
1.070400e+000 
1.090000e+000 
1.072200e+000 
1.083000e+000 
1.081200e+000 
1.051300e+000 
1.050500e+000 
1.048400e+000 
1.051200e+000 
1.033300e+000 
1.046800e+000 
1.062200e+000 
1.061000e+000 
1.055100e+000 
1.064000e+000 
1.063100e+000 
1.058400e+000 
1.066800e+000 
1.091100e+000 
1.081100e+000 
1.046800e+000 
1.091000e+000 
1.079000e+000 
1.071600e+000 
1.086200e+000 
1.071900e+000 
1.050200e+000 
1.026300e+000 
1.010100e+000 
1.043800e+000 
1.034600e+000 
1.020200e+000 
1.025800e+000 
1.021700e+000 
1.025000e+000 
1.027900e+000 
1.026900e+000 
1.081400e+000 
1.067000e+000 
1.074200e+000 
1.066500e+000 
1.067800e+000 
1.090300e+000 
1.075600e+000 
1.084000e+000 
1.080700e+000 
1.084800e+000 
1.090600e+000 
1.047300e+000 
1.052400e+000 
1.035600e+000 
1.028000e+000 
1.043000e+000 
1.039600e+000 
1.031700e+000 
1.029800e+000 
1.040300e+000 
1.026400e+000 
1.031300e+000 
1.049900e+000 
1.067300e+000 
1.084700e+000 
1.069300e+000 
1.043900e+000 
1.078800e+000 
1.079600e+000 
1.068000e+000 
1.072000e+000 
1.066600e+000 
1.079000e+000 
1.048300e+000 
1.049800e+000 
1.056000e+000 
1.028300e+000 
1.038200e+000 
1.056800e+000 
1.037700e+000 
1.037800e+000 
1.038600e+000 
1.064800e+000 
1.046200e+000 
1.080000e+000 
1.066600e+000 
1.052000e+000 
1.057300e+000 
1.079500e+000 
1.042400e+000 
1.078500e+000 
1.099100e+000 
1.077000e+000 
1.073000e+000 
1.058200e+000 
1.048400e+000 
1.050600e+000 
1.052400e+000 
1.053000e+000 
1.048000e+000 
1.041200e+000 
1.057800e+000 
1.054700e+000 
1.056900e+000 
1.059300e+000 
1.050000e+000 
1.053800e+000 
1.035500e+000 
1.048600e+000 
1.050300e+000 
1.038400e+000 
1.060700e+000 
1.052900e+000 
1.067100e+000 
1.040400e+000 
1.057500e+000 
1.035800e+000 
1.041400e+000 
1.065200e+000 
1.062300e+000 
1.067400e+000 
1.058700e+000 
1.037300e+000 
1.059000e+000 
1.051500e+000 
1.064800e+000 
1.057500e+000 
1.047200e+000 
1.045200e+000 
1.039800e+000 
1.043500e+000 
1.037400e+000 
1.049100e+000 
1.032500e+000 
1.048100e+000 
1.052200e+000 
1.042200e+000 
1.057100e+000 
1.045900e+000 
1.077500e+000 
1.075400e+000 
1.066400e+000 
1.055000e+000 
1.032200e+000 
1.087300e+000 
1.041600e+000 
1.077600e+000 
1.054200e+000 
1.075800e+000 
1.061000e+000 
1.051000e+000 
1.059400e+000 
1.028700e+000 
1.076100e+000 
1.070400e+000 
1.047700e+000 
1.077500e+000 
1.065300e+000 
1.069000e+000 
1.064400e+000 
1.037000e+000 
1.054900e+000 
1.049200e+000 
1.052500e+000 
1.018000e+000 
1.061000e+000 
1.092600e+000 
1.098300e+000 
1.052100e+000 
1.060300e+000 
1.041400e+000 
1.076300e+000 
1.068900e+000 
1.031600e+000 
1.047700e+000 
1.060300e+000 
1.038700e+000 
1.108900e+000 
1.072500e+000 
1.071300e+000 
1.058700e+000 
1.079400e+000 
1.045300e+000 
1.052400e+000 
1.052000e+000 
1.043400e+000 
1.072800e+000 
1.014000e+000 
1.062400e+000 
1.042900e+000 
1.047000e+000 
1.041100e+000 
1.048800e+000 
1.058300e+000 
1.084100e+000 
1.046200e+000 
1.070900e+000 
1.048400e+000 
1.034000e+000 
1.085400e+000 
1.020900e+000 
1.061000e+000 
1.025000e+000 
1.025400e+000 
1.077100e+000 
1.074200e+000 
1.082900e+000 
1.037300e+000 
1.054300e+000 
1.056100e+000 
1.054300e+000 
9.950000e-001 
1.067800e+000 
1.081900e+000 
1.043300e+000 
1.064600e+000 
1.070600e+000 
1.039900e+000 
1.072600e+000 
1.087400e+000 
1.074000e+000 
1.070300e+000 
1.065000e+000 
1.041800e+000 
1.064700e+000 
1.060100e+000 
1.074500e+000 
1.062000e+000 
1.063600e+000 
1.038400e+000 
1.040300e+000 
1.056300e+000 
1.042400e+000 
1.037200e+000 
1.070500e+000 
1.031600e+000 
1.059900e+000 
1.020700e+000 
1.030400e+000 
1.025600e+000 
1.033400e+000 
1.064100e+000 
1.030800e+000 
1.073600e+000 
1.023600e+000 
1.032800e+000 
1.039900e+000 
1.027100e+000 
