-1.000000 -0.256757 -0.294118 -0.840708 -0.840978 -0.867518 -0.849901 -0.873443 
0.000000 0.297297 0.260504 -0.761062 -0.426244 -0.455952 -0.572087 -0.561535 
-1.000000 0.216216 0.193277 -0.707965 -0.434390 -0.646940 -0.478604 -0.504733 
0.000000 0.567568 0.495798 -0.637168 0.080928 -0.165434 -0.020408 -0.099153 
-1.000000 0.364865 0.327731 -0.743363 -0.291305 -0.265636 -0.481238 -0.545590 
1.000000 0.067568 0.008403 -0.681416 -0.661413 -0.724950 -0.724819 -0.703039 
1.000000 -0.027027 -0.058824 -0.814159 -0.751018 -0.791527 -0.869651 -0.776781 
1.000000 0.081081 0.025210 -0.805310 -0.652913 -0.717552 -0.711652 -0.704036 
0.000000 0.364865 0.277311 -0.734513 -0.407119 -0.532616 -0.456221 -0.620329 
1.000000 -0.135135 -0.142857 -0.849558 -0.776873 -0.795562 -0.868334 -0.816642 
0.000000 0.391892 0.394958 -0.699115 -0.363910 -0.523874 -0.499671 -0.504733 
-1.000000 0.608108 0.579832 -0.646018 0.231450 -0.166779 -0.219223 0.306428 
1.000000 0.445946 0.243697 -0.725664 -0.258721 -0.319435 -0.486504 -0.456901 
1.000000 0.081081 0.025210 -0.805310 -0.678767 -0.763282 -0.747202 -0.714001 
0.000000 0.418919 0.512605 -0.663717 -0.201700 -0.411567 -0.327189 -0.285501 
1.000000 -0.067568 -0.092437 -0.805310 -0.771206 -0.833894 -0.802502 -0.798705 
-1.000000 0.445946 0.411765 -0.699115 -0.274305 -0.416274 -0.386438 -0.398107 
1.000000 0.108108 0.058824 -0.752212 -0.642642 -0.675185 -0.769585 -0.711011 
-1.000000 0.270270 0.361345 -0.716814 -0.365681 -0.542703 -0.565504 -0.315396 
-1.000000 0.540541 0.512605 -0.734513 -0.179387 -0.303295 -0.312706 -0.335326 
-1.000000 0.418919 0.394958 -0.734513 -0.344077 -0.433087 -0.519421 -0.454908 
-1.000000 0.054054 0.025210 -0.814159 -0.655746 -0.748487 -0.778802 -0.624315 
-1.000000 0.162162 0.142857 -0.778761 -0.551620 -0.611298 -0.591837 -0.654210 
1.000000 -0.081081 -0.058824 -0.823009 -0.747831 -0.774042 -0.824885 -0.793722 
-1.000000 0.000000 -0.008403 -0.796460 -0.745352 -0.790854 -0.818302 -0.769806 
0.000000 0.459459 0.495798 -0.690265 -0.026031 -0.250168 -0.132324 -0.421026 
0.000000 0.351351 0.361345 -0.707965 -0.323180 -0.353732 -0.489138 -0.532636 
0.000000 0.067568 0.008403 -0.769912 -0.614308 -0.731675 -0.669519 -0.634280 
0.000000 0.324324 0.327731 -0.716814 -0.438286 -0.516476 -0.591837 -0.544594 
0.000000 0.486486 0.445378 -0.734513 -0.226138 -0.287155 -0.314022 -0.413054 
-1.000000 0.337838 0.361345 -0.699115 -0.361431 -0.453262 -0.491771 -0.576482 
-1.000000 0.472973 0.361345 -0.699115 -0.203117 -0.281775 -0.307439 -0.413054 
1.000000 -0.054054 -0.025210 -0.778761 -0.700372 -0.786147 -0.791968 -0.696064 
1.000000 -0.459459 -0.512605 -0.884956 -0.936249 -0.949563 -0.939434 -0.949178 
-1.000000 0.459459 0.394958 -0.690265 -0.121658 -0.238063 -0.245556 -0.371201 
1.000000 -0.175676 -0.210084 -0.849558 -0.839561 -0.882986 -0.878868 -0.853513 
1.000000 0.324324 0.277311 -0.743363 -0.403223 -0.466711 -0.585253 -0.494768 
0.000000 0.472973 0.495798 -0.690265 -0.189658 -0.359785 -0.395655 -0.225710 
0.000000 0.189189 0.260504 -0.752212 -0.410661 -0.507734 -0.474654 -0.544594 
-1.000000 0.351351 0.327731 -0.707965 -0.317514 -0.331540 -0.500987 -0.544594 
0.000000 -0.229730 -0.294118 -0.840708 -0.848061 -0.872226 -0.903884 -0.856502 
-1.000000 0.229730 0.243697 -0.805310 -0.477953 -0.682582 -0.577354 -0.415047 
-1.000000 0.621622 0.546218 -0.734513 -0.072074 -0.253531 -0.252140 -0.182860 
-1.000000 0.351351 0.394958 -0.672566 -0.303701 -0.497646 -0.428571 -0.295466 
0.000000 0.202703 0.193277 -0.778761 -0.506641 -0.605245 -0.573404 -0.574489 
0.000000 0.297297 0.310924 -0.690265 -0.189304 -0.260256 -0.358789 -0.447932 
-1.000000 0.486486 0.394958 -0.699115 -0.175137 -0.381977 -0.325872 -0.216741 
-1.000000 0.689189 0.680672 -0.646018 0.314680 -0.019502 -0.036208 0.182860 
-1.000000 0.472973 0.495798 -0.681416 -0.015761 -0.024882 -0.265306 -0.341305 
-1.000000 0.202703 0.159664 -0.814159 -0.383744 -0.394082 -0.576037 -0.607374 
1.000000 0.148649 0.126050 -0.778761 -0.588454 -0.605918 -0.653720 -0.683109 
0.000000 0.040541 0.092437 -0.769912 -0.548787 -0.597848 -0.599737 -0.684106 
1.000000 -0.351351 -0.378151 -0.849558 -0.879936 -0.905851 -0.910467 -0.896363 
-1.000000 0.500000 0.462185 -0.699115 -0.169471 -0.294553 -0.282423 -0.327354 
-1.000000 0.148649 0.092437 -0.761062 -0.588100 -0.692670 -0.668203 -0.644245 
-1.000000 0.364865 0.361345 -0.734513 -0.281388 -0.340955 -0.419355 -0.474838 
1.000000 0.432432 0.428571 -0.725664 -0.293430 -0.429724 -0.478604 -0.405082 
0.000000 0.540541 0.495798 -0.725664 -0.136887 -0.174849 -0.379855 -0.368211 
0.000000 0.405405 0.478992 -0.672566 -0.091199 -0.441829 -0.411455 -0.036373 
-1.000000 0.162162 0.109244 -0.796460 -0.659642 -0.718897 -0.728769 -0.697060 
0.000000 0.256757 0.226891 -0.752212 -0.432265 -0.490249 -0.526004 -0.584454 
-1.000000 -0.054054 -0.092437 -0.831858 -0.733310 -0.772024 -0.790652 -0.803687 
1.000000 -0.594595 -0.613445 -0.876106 -0.961395 -0.969065 -0.967084 -0.971101 
1.000000 -0.391892 -0.411765 -0.858407 -0.911103 -0.942838 -0.931534 -0.923269 
0.000000 0.513514 0.495798 -0.707965 0.032407 -0.053127 -0.304806 -0.225710 
1.000000 -0.148649 -0.176471 -0.814159 -0.817956 -0.872898 -0.901251 -0.833582 
-1.000000 0.689189 0.714286 -0.690265 0.313618 0.134499 0.034891 0.073244 
1.000000 0.067568 0.058824 -0.805310 -0.607933 -0.665098 -0.698486 -0.678127 
1.000000 -0.135135 -0.193277 -0.823009 -0.793873 -0.813046 -0.838051 -0.839562 
-1.000000 0.527027 0.495798 -0.699115 0.028865 -0.137861 -0.059908 -0.297459 
1.000000 -0.391892 -0.462185 -0.911504 -0.917478 -0.936785 -0.942067 -0.919283 
1.000000 -0.310811 -0.294118 -0.840708 -0.873915 -0.909886 -0.906517 -0.883408 
-1.000000 0.513514 0.478992 -0.654867 -0.171241 -0.402824 -0.181040 -0.310414 
1.000000 -0.743243 -0.831933 -0.938053 -0.977333 -0.985205 -0.978934 -0.993024 
0.000000 0.364865 0.327731 -0.743363 -0.196033 -0.250168 -0.421988 -0.425012 
1.000000 0.108108 0.025210 -0.787611 -0.636267 -0.669805 -0.731402 -0.710015 
1.000000 0.013513 -0.075630 -0.814159 -0.684080 -0.721587 -0.766952 -0.763827 
-1.000000 0.256757 0.226891 -0.761062 -0.429432 -0.532616 -0.528637 -0.534629 
-1.000000 0.202703 0.109244 -0.707965 -0.441119 -0.496974 -0.527321 -0.641256 
1.000000 0.162162 0.092437 -0.761062 -0.619975 -0.645595 -0.751152 -0.674141 
1.000000 -0.351351 -0.394958 -0.876106 -0.895874 -0.923336 -0.915734 -0.909317 
0.000000 0.121622 0.092437 -0.769912 -0.619621 -0.693342 -0.644503 -0.674141 
-1.000000 0.783784 0.731092 -0.628319 0.582079 0.572966 0.217907 0.056303 
0.000000 0.418919 0.327731 -0.752212 -0.408536 -0.503699 -0.535221 -0.519681 
-1.000000 -0.054054 -0.075630 -0.858407 -0.745706 -0.821116 -0.784068 -0.753861 
0.000000 0.162162 0.092437 -0.743363 -0.540287 -0.606590 -0.500987 -0.664175 
0.000000 0.635135 0.731092 -0.637168 0.303347 -0.160726 0.073074 0.292476 
-1.000000 0.148649 0.126050 -0.769912 -0.499203 -0.631473 -0.558920 -0.644245 
1.000000 0.162162 0.243697 -0.778761 -0.568266 -0.671822 -0.639236 -0.604385 
0.000000 0.459459 0.478992 -0.716814 -0.112449 -0.219233 -0.159974 -0.360239 
1.000000 0.162162 0.159664 -0.743363 -0.502391 -0.552118 -0.626070 -0.590433 
0.000000 0.337838 0.294118 -0.752212 -0.326014 -0.492266 -0.472021 -0.395117 
-1.000000 0.810811 0.714286 -0.619469 0.366389 0.203766 0.206057 -0.006477 
-1.000000 0.337838 0.411765 -0.654867 -0.272180 -0.377942 -0.499671 -0.395117 
0.000000 0.513514 0.512605 -0.707965 -0.115282 -0.225286 -0.403555 -0.240658 
-1.000000 0.445946 0.042017 -0.725664 -0.238888 -0.344990 -0.345622 -0.464873 
0.000000 -0.081081 -0.092437 -0.796460 -0.756685 -0.812374 -0.799868 -0.783757 
0.000000 0.486486 0.462185 -0.805310 -0.196742 -0.293208 -0.497038 -0.420030 
-1.000000 0.297297 0.327731 -0.743363 -0.353285 -0.463349 -0.353522 -0.434978 
1.000000 -0.013513 -0.025210 -0.787611 -0.742872 -0.778749 -0.782752 -0.783757 
-1.000000 0.081081 0.042017 -0.752212 -0.564016 -0.729657 -0.620803 -0.624315 
-1.000000 0.094595 0.142857 -0.734513 -0.518682 -0.712845 -0.631336 -0.505730 
0.000000 0.378378 0.310924 -0.752212 -0.354702 -0.422327 -0.420671 -0.498754 
-1.000000 0.527027 0.495798 -0.672566 -0.078095 -0.403497 -0.307439 -0.076233 
1.000000 -0.081081 -0.092437 -0.823009 -0.670976 -0.694015 -0.720869 -0.775785 
-1.000000 0.310811 0.193277 -0.707965 -0.342660 -0.529926 -0.377222 -0.405082 
-1.000000 0.500000 0.428571 -0.734513 -0.101116 -0.112979 -0.362739 -0.385152 
-1.000000 0.554054 0.478992 -0.716814 -0.077740 -0.234701 -0.179724 -0.260588 
-1.000000 0.445946 0.428571 -0.699115 -0.196033 -0.387357 -0.237656 -0.311410 
-1.000000 0.472973 0.445378 -0.725664 -0.258367 -0.379960 -0.393022 -0.504733 
-1.000000 0.418919 0.361345 -0.734513 -0.118116 -0.283793 -0.281106 -0.425012 
-1.000000 -0.405405 -0.462185 -0.867257 -0.910041 -0.934095 -0.923634 -0.923269 
1.000000 0.581081 0.579832 -0.619469 0.263680 -0.096839 -0.049375 -0.192825 
1.000000 -0.108108 -0.142857 -0.805310 -0.356827 -0.441829 -0.454905 -0.804684 
-1.000000 0.648649 0.647059 -0.637168 0.268284 0.094149 0.094141 -0.084205 
1.000000 0.445946 0.411765 -0.699115 -0.265805 -0.404842 -0.366689 -0.365222 
-1.000000 0.472973 0.378151 -0.663717 -0.051178 -0.234028 -0.165240 -0.295466 
-1.000000 0.675676 0.596639 -0.734513 0.044803 -0.143914 -0.204740 -0.145989 
1.000000 0.297297 0.243697 -0.681416 -0.381619 -0.504371 -0.473338 -0.494768 
1.000000 -0.310811 -0.344538 -0.867257 -0.901895 -0.926026 -0.909151 -0.903338 
-1.000000 0.148649 0.226891 -0.761062 -0.522224 -0.595158 -0.628703 -0.591430 
-1.000000 0.689189 0.831933 -0.592920 0.417390 0.088769 0.063858 0.143996 
1.000000 0.175676 0.126050 -0.778761 -0.578537 -0.607263 -0.668203 -0.693074 
1.000000 0.283784 0.243697 -0.734513 -0.458474 -0.545393 -0.537854 -0.584454 
0.000000 -0.229730 -0.277311 -0.840708 -0.867894 -0.887693 -0.899934 -0.893373 
1.000000 0.054054 0.075630 -0.787611 -0.667788 -0.702757 -0.687953 -0.723966 
1.000000 -0.324324 -0.378151 -0.867257 -0.893749 -0.913921 -0.921001 -0.913303 
0.000000 0.175676 0.075630 -0.805310 -0.590225 -0.616005 -0.690586 -0.708022 
-1.000000 -0.256757 -0.327731 -0.849558 -0.849478 -0.866846 -0.878868 -0.883408 
-1.000000 0.472973 0.579832 -0.725664 -0.232867 -0.390720 -0.483871 -0.305431 
0.000000 0.040541 -0.075630 -0.734513 -0.624225 -0.720915 -0.526004 -0.753861 
0.000000 0.783784 0.714286 -0.601770 0.441473 0.168796 0.353522 0.128052 
1.000000 0.202703 0.210084 -0.752212 -0.549141 -0.605245 -0.631336 -0.662182 
-1.000000 0.351351 0.378151 -0.787611 -0.255180 -0.307330 -0.425938 -0.534629 
1.000000 -0.513514 -0.546218 -0.867257 -0.940145 -0.954943 -0.947334 -0.953164 
-1.000000 -0.189189 -0.176471 -0.823009 -0.826811 -0.861466 -0.876234 -0.837569 
-1.000000 0.689189 0.613445 -0.716814 0.220825 -0.154001 -0.307439 0.073244 
1.000000 -0.513514 -0.546218 -0.876106 -0.943687 -0.963685 -0.959184 -0.941206 
0.000000 0.594595 0.512605 -0.716814 -0.086595 -0.152656 -0.231073 -0.365222 
0.000000 0.716216 0.495798 -0.734513 -0.068886 -0.082044 -0.260039 -0.444943 
-1.000000 0.716216 0.680672 -0.690265 0.514432 0.673840 -0.020408 -0.138017 
-1.000000 0.378378 0.327731 -0.681416 -0.435098 -0.549428 -0.512837 -0.530643 
1.000000 -0.270270 -0.260504 -0.831858 -0.860103 -0.899798 -0.860434 -0.863478 
0.000000 0.391892 0.411765 -0.716814 -0.221179 -0.359112 -0.328506 -0.415047 
1.000000 -0.216216 -0.294118 -0.761062 -0.844519 -0.860121 -0.877551 -0.882412 
0.000000 0.202703 0.075630 -0.761062 -0.620684 -0.704102 -0.693219 -0.664175 
1.000000 0.189189 0.126050 -0.787611 -0.601204 -0.685272 -0.645820 -0.646238 
-1.000000 0.108108 0.008403 -0.787611 -0.613954 -0.712172 -0.576037 -0.723966 
0.000000 0.175676 0.126050 -0.814159 -0.567912 -0.749832 -0.606320 -0.614350 
0.000000 0.770270 0.680672 -0.681416 0.195325 -0.119704 -0.483871 -0.019432 
-1.000000 0.216216 0.193277 -0.769912 -0.300159 -0.481506 -0.361422 -0.415047 
-1.000000 -0.324324 -0.378151 -0.867257 -0.891624 -0.937458 -0.907834 -0.883408 
-1.000000 0.297297 0.243697 -0.734513 -0.383035 -0.379287 -0.515471 -0.611360 
-1.000000 0.472973 0.445378 -0.743363 -0.290951 -0.375252 -0.423305 -0.444943 
0.000000 0.445946 0.445378 -0.734513 -0.122720 -0.190989 -0.233706 -0.388142 
-1.000000 0.189189 0.344538 -0.761062 -0.489641 -0.604573 -0.573404 -0.534629 
1.000000 -0.513514 -0.546218 -0.893805 -0.940499 -0.947545 -0.952600 -0.953164 
0.000000 0.472973 0.529412 -0.734513 0.029927 -0.219906 -0.244240 -0.365222 
0.000000 0.513514 0.512605 -0.699115 -0.106428 -0.312710 -0.153390 -0.295466 
-1.000000 -0.256757 -0.327731 -0.858407 -0.865769 -0.893746 -0.899934 -0.877429 
-1.000000 0.445946 0.361345 -0.716814 -0.293076 -0.336920 -0.482554 -0.454908 
0.000000 0.702703 0.613445 -0.681416 0.192137 -0.069267 0.104674 -0.196811 
-1.000000 -0.256757 -0.294118 -0.840708 -0.861874 -0.903161 -0.905201 -0.849527 
0.000000 0.337838 0.378151 -0.681416 -0.084115 -0.545393 -0.415405 -0.126059 
1.000000 0.000000 -0.058824 -0.823009 -0.654684 -0.632145 -0.774852 -0.782760 
-1.000000 0.459459 0.394958 -0.707965 -0.202408 -0.400807 -0.423305 -0.325361 
1.000000 -0.094595 -0.176471 -0.840708 -0.786081 -0.827841 -0.814352 -0.812656 
1.000000 0.108108 0.058824 -0.796460 -0.550204 -0.490249 -0.649770 -0.747882 
1.000000 -0.202703 -0.226891 -0.831858 -0.841332 -0.848689 -0.865701 -0.868460 
1.000000 0.256757 0.193277 -0.761062 -0.503807 -0.584398 -0.535221 -0.604385 
-1.000000 0.716216 0.747899 -0.619469 0.421640 0.329523 0.177090 -0.002491 
1.000000 -0.405405 -0.428571 -0.858407 -0.913582 -0.936113 -0.917051 -0.923269 
-1.000000 0.364865 0.327731 -0.752212 -0.283868 -0.490249 -0.432521 -0.285501 
-1.000000 0.500000 0.512605 -0.707965 -0.108907 -0.392737 -0.275839 -0.193822 
-1.000000 0.229730 0.277311 -0.716814 -0.375952 -0.576328 -0.569454 -0.335326 
0.000000 0.216216 0.260504 -0.778761 -0.425536 -0.555481 -0.564187 -0.649228 
-1.000000 0.135135 0.159664 -0.752212 -0.450682 -0.730330 -0.527321 -0.504733 
-1.000000 0.472973 0.512605 -0.672566 0.080574 -0.073302 -0.032258 -0.305431 
-1.000000 -0.162162 -0.142857 -0.823009 -0.799894 -0.858104 -0.803818 -0.803687 
1.000000 0.297297 0.277311 -0.743363 -0.507349 -0.648958 -0.586570 -0.524664 
1.000000 -0.675676 -0.680672 -0.920354 -0.974854 -0.977135 -0.985517 -0.981066 
1.000000 -0.567568 -0.596639 -0.902655 -0.953958 -0.965030 -0.968400 -0.967115 
0.000000 0.405405 0.428571 -0.734513 -0.215158 -0.331540 -0.400922 -0.345291 
0.000000 0.067568 0.025210 -0.823009 -0.668142 -0.781439 -0.766952 -0.726956 
-1.000000 0.554054 0.546218 -0.672566 -0.027802 0.007397 -0.526004 -0.267564 
-1.000000 0.513514 0.529412 -0.725664 -0.182575 -0.425689 -0.240290 -0.375187 
1.000000 0.432432 0.394958 -0.752212 -0.336285 -0.546066 -0.472021 -0.365222 
1.000000 -0.027027 -0.075630 -0.805310 -0.708872 -0.724950 -0.748519 -0.811659 
0.000000 0.027027 -0.008403 -0.787611 -0.678767 -0.739744 -0.726136 -0.728949 
1.000000 -0.270270 -0.327731 -0.849558 -0.859394 -0.860121 -0.903884 -0.903338 
0.000000 0.121622 0.075630 -0.734513 -0.593767 -0.705447 -0.622120 -0.624315 
0.000000 0.067568 0.025210 -0.769912 -0.667080 -0.756557 -0.701119 -0.704036 
-1.000000 -0.324324 -0.378151 -0.849558 -0.878874 -0.894418 -0.901251 -0.903338 
-1.000000 0.364865 0.411765 -0.734513 -0.314326 -0.483524 -0.431205 -0.305431 
-1.000000 0.459459 0.411765 -0.690265 -0.134408 -0.189644 -0.314022 -0.383159 
0.000000 0.378378 0.226891 -0.725664 -0.304055 -0.406859 -0.433838 -0.429995 
-1.000000 0.432432 0.344538 -0.716814 -0.219763 -0.435104 -0.207373 -0.355257 
-1.000000 0.040541 0.042017 -0.778761 -0.670622 -0.746469 -0.752469 -0.688092 
0.000000 0.702703 0.680672 -0.646018 0.038782 -0.367182 -0.149440 0.033383 
0.000000 0.162162 0.176471 -0.681416 -0.572162 -0.679892 -0.676103 -0.644245 
1.000000 -0.040541 -0.092437 -0.805310 -0.741101 -0.819099 -0.755102 -0.763827 
-1.000000 0.297297 0.327731 -0.690265 -0.382327 -0.560861 -0.469388 -0.395117 
0.000000 0.513514 0.445378 -0.707965 -0.084470 -0.102892 -0.315339 -0.461883 
0.000000 0.486486 0.310924 -0.716814 -0.229325 -0.382650 -0.220540 -0.397110 
1.000000 -0.175676 -0.260504 -0.805310 -0.820081 -0.853396 -0.860434 -0.852516 
-1.000000 0.337838 0.277311 -0.743363 -0.360014 -0.473436 -0.381172 -0.454908 
-1.000000 0.500000 0.529412 -0.663717 0.060032 -0.446537 -0.191573 0.083209 
1.000000 -0.229730 -0.277311 -0.849558 -0.846644 -0.858104 -0.901251 -0.879422 
1.000000 -0.189189 -0.260504 -0.831858 -0.838852 -0.873571 -0.857801 -0.871450 
0.000000 0.540541 0.495798 -0.681416 -0.095803 -0.282448 -0.212640 -0.315396 
1.000000 -0.554054 -0.596639 -0.920354 -0.951833 -0.958978 -0.939434 -0.963129 
-1.000000 0.364865 0.327731 -0.725664 -0.415265 -0.569603 -0.481238 -0.515695 
-1.000000 0.364865 0.327731 -0.752212 -0.417744 -0.535306 -0.536537 -0.478824 
0.000000 0.554054 0.478992 -0.690265 -0.132283 -0.291190 -0.321922 -0.265571 
-1.000000 0.486486 0.462185 -0.707965 -0.147866 -0.305313 -0.183673 -0.312407 
0.000000 0.202703 0.176471 -0.752212 -0.511599 -0.630128 -0.640553 -0.574489 
1.000000 -0.162162 -0.226891 -0.849558 -0.828582 -0.837929 -0.884134 -0.867464 
1.000000 -0.635135 -0.680672 -0.911504 -0.971666 -0.977808 -0.968400 -0.973094 
0.000000 0.189189 0.142857 -0.761062 -0.635913 -0.730330 -0.653720 -0.680120 
0.000000 0.270270 0.193277 -0.752212 -0.476890 -0.521856 -0.533904 -0.598406 
-1.000000 0.351351 0.310924 -0.743363 -0.380910 -0.490921 -0.576037 -0.464873 
-1.000000 0.500000 0.394958 -0.734513 -0.197096 -0.276395 -0.389072 -0.382162 
0.000000 0.459459 0.411765 -0.743363 -0.326722 -0.474781 -0.487821 -0.365222 
-1.000000 0.459459 0.411765 -0.734513 -0.266513 -0.361130 -0.389072 -0.438964 
0.000000 0.743243 0.747899 -0.619469 0.575350 0.203093 0.065174 0.232686 
1.000000 0.256757 0.176471 -0.734513 -0.464140 -0.588433 -0.454905 -0.624315 
1.000000 -0.094595 -0.159664 -0.831858 -0.815477 -0.866846 -0.865701 -0.823617 
0.000000 0.513514 0.462185 -0.725664 -0.190367 -0.359112 -0.202107 -0.374190 
-1.000000 0.581081 0.529412 -0.681416 -0.108199 -0.328850 -0.386438 -0.327354 
-1.000000 0.135135 0.142857 -0.761062 -0.552683 -0.593141 -0.660303 -0.705032 
0.000000 0.324324 0.344538 -0.690265 -0.283868 -0.541358 -0.456221 -0.305431 
0.000000 0.351351 0.327731 -0.787611 -0.322472 -0.400134 -0.556287 -0.454908 
-1.000000 0.513514 0.495798 -0.707965 -0.099699 -0.122394 -0.440421 -0.275536 
1.000000 -0.013513 -0.025210 -0.823009 -0.742164 -0.837256 -0.763002 -0.763827 
-1.000000 0.081081 0.058824 -0.778761 -0.537454 -0.643578 -0.547070 -0.634280 
0.000000 -0.229730 -0.294118 -0.840708 -0.855144 -0.896436 -0.851218 -0.883408 
1.000000 0.121622 0.159664 -0.761062 -0.559412 -0.593141 -0.662936 -0.666168 
-1.000000 -0.067568 -0.025210 -0.814159 -0.696830 -0.765972 -0.748519 -0.743896 
0.000000 0.351351 0.327731 -0.823009 -0.341597 -0.421654 -0.416722 -0.534629 
1.000000 0.310811 0.243697 -0.743363 -0.514078 -0.585071 -0.657670 -0.571500 
0.000000 0.567568 0.546218 -0.699115 0.080220 0.139879 -0.307439 -0.343298 
1.000000 0.202703 0.159664 -0.743363 -0.533912 -0.642233 -0.723502 -0.564524 
-1.000000 0.337838 0.327731 -0.725664 -0.154950 -0.244788 -0.325872 -0.415047 
1.000000 -0.202703 -0.260504 -0.858407 -0.836727 -0.876261 -0.853851 -0.859492 
1.000000 0.135135 0.126050 -0.778761 -0.530016 -0.619368 -0.574720 -0.604385 
-1.000000 0.608108 0.529412 -0.690265 0.079865 -0.125757 0.177090 -0.315396 
-1.000000 0.297297 0.193277 -0.778761 -0.577121 -0.685945 -0.615537 -0.616343 
-1.000000 0.243243 0.226891 -0.716814 -0.491411 -0.631473 -0.569454 -0.554559 
0.000000 0.445946 0.445378 -0.707965 -0.228263 -0.472091 -0.360105 -0.345291 
-1.000000 0.297297 0.294118 -0.752212 -0.384806 -0.453934 -0.590520 -0.494768 
-1.000000 0.500000 0.478992 -0.681416 -0.073490 -0.335575 -0.224490 -0.067265 
-1.000000 0.445946 0.394958 -0.725664 -0.270055 -0.332885 -0.428571 -0.447932 
-1.000000 -0.270270 -0.327731 -0.858407 -0.881707 -0.920646 -0.889401 -0.895366 
-1.000000 0.405405 0.394958 -0.725664 -0.150345 -0.339610 0.016458 -0.474838 
0.000000 0.270270 0.294118 -0.690265 -0.452807 -0.599866 -0.507571 -0.474838 
1.000000 0.013513 0.008403 -0.787611 -0.709580 -0.847344 -0.826201 -0.684106 
-1.000000 -0.081081 -0.142857 -0.840708 -0.771560 -0.825824 -0.807768 -0.773792 
1.000000 -0.445946 -0.512605 -0.867257 -0.914645 -0.928043 -0.971034 -0.933234 
0.000000 0.418919 0.428571 -0.734513 -0.272534 -0.451917 -0.289006 -0.415047 
0.000000 0.027027 -0.008403 -0.752212 -0.634142 -0.704102 -0.668203 -0.733931 
1.000000 0.040541 -0.025210 -0.814159 -0.683372 -0.737727 -0.752469 -0.750872 
0.000000 0.310811 0.294118 -0.725664 -0.547724 -0.549428 -0.536537 -0.514699 
1.000000 0.229730 0.226891 -0.725664 -0.427661 -0.365837 -0.709019 -0.620329 
1.000000 -0.162162 -0.193277 -0.849558 -0.821852 -0.862811 -0.849901 -0.833582 
-1.000000 0.148649 0.092437 -0.787611 -0.593058 -0.634163 -0.645820 -0.714001 
1.000000 -0.418919 -0.428571 -0.876106 -0.929874 -0.952925 -0.939434 -0.933234 
1.000000 0.189189 0.226891 -0.761062 -0.497786 -0.548083 -0.622120 -0.594420 
0.000000 0.229730 0.142857 -0.743363 -0.452453 -0.587088 -0.556287 -0.494768 
1.000000 -0.189189 -0.310924 -0.858407 -0.854436 -0.880296 -0.892034 -0.863478 
1.000000 0.432432 0.478992 -0.743363 -0.254826 -0.505044 -0.407505 -0.285501 
1.000000 0.459459 0.411765 -0.769912 -0.404640 -0.526564 -0.497038 -0.502740 
0.000000 0.000000 -0.058824 -0.752212 -0.678059 -0.761264 -0.701119 -0.723966 
1.000000 0.175676 0.176471 -0.778761 -0.520099 -0.535306 -0.633970 -0.640259 
1.000000 0.283784 0.327731 -0.769912 -0.431911 -0.547411 -0.631336 -0.544594 
-1.000000 0.364865 0.344538 -0.654867 0.315389 0.269670 0.120474 -0.124066 
0.000000 0.621622 0.579832 -0.699115 0.210554 0.123739 -0.074391 -0.056303 
-1.000000 0.243243 0.176471 -0.752212 -0.421994 -0.460659 -0.549704 -0.626308 
1.000000 -0.202703 -0.260504 -0.823009 -0.838852 -0.882313 -0.878868 -0.863478 
1.000000 -0.770270 -0.781513 -0.938053 -0.986542 -0.991258 -0.989467 -0.993024 
-1.000000 0.418919 0.411765 -0.716814 -0.176908 -0.322798 -0.307439 -0.335326 
-1.000000 -0.175676 -0.210084 -0.787611 -0.800956 -0.843309 -0.828835 -0.833582 
0.000000 -0.202703 -0.260504 -0.823009 -0.843811 -0.876261 -0.932851 -0.843548 
0.000000 0.270270 0.310924 -0.690265 -0.397556 -0.535306 -0.503621 -0.415047 
1.000000 -0.729730 -0.747899 -0.902655 -0.979104 -0.987223 -0.984200 -0.978077 
1.000000 0.459459 0.361345 -0.663717 -0.246325 -0.418292 -0.406188 -0.345291 
-1.000000 0.364865 0.378151 -0.690265 -0.268284 -0.462004 -0.510204 -0.235675 
0.000000 0.459459 0.411765 -0.725664 -0.290243 -0.399462 -0.493088 -0.426009 
-1.000000 0.527027 0.579832 -0.646018 -0.026386 -0.409549 -0.191573 -0.066268 
-1.000000 0.216216 0.277311 -0.725664 -0.247034 -0.347680 -0.387755 -0.434978 
1.000000 0.256757 0.260504 -0.699115 -0.409244 -0.500336 -0.523371 -0.524664 
-1.000000 0.013513 -0.075630 -0.814159 -0.650434 -0.655010 -0.785385 -0.745889 
1.000000 -0.391892 -0.445378 -0.858407 -0.912520 -0.927371 -0.931534 -0.925262 
1.000000 0.202703 0.126050 -0.769912 -0.608642 -0.684600 -0.712969 -0.625311 
-1.000000 0.418919 0.411765 -0.699115 -0.199929 -0.318090 -0.285056 -0.387145 
1.000000 -0.094595 -0.109244 -0.831858 -0.795644 -0.811701 -0.835418 -0.857499 
-1.000000 0.175676 0.210084 -0.743363 -0.469453 -0.558171 -0.518104 -0.598406 
0.000000 0.229730 0.243697 -0.769912 -0.464140 -0.564223 -0.482554 -0.594420 
0.000000 0.459459 0.394958 -0.725664 -0.233575 -0.209818 -0.450955 -0.512706 
0.000000 0.121622 0.025210 -0.805310 -0.646892 -0.784802 -0.719552 -0.614350 
1.000000 -0.472973 -0.512605 -0.876106 -0.930583 -0.955615 -0.936801 -0.933234 
1.000000 0.202703 0.193277 -0.752212 -0.506287 -0.544721 -0.661619 -0.615346 
-1.000000 0.229730 0.277311 -0.725664 -0.506287 -0.613988 -0.581303 -0.594420 
1.000000 0.486486 0.445378 -0.734513 -0.261909 -0.412239 -0.246873 -0.448929 
0.000000 0.716216 0.731092 -0.654867 0.401452 0.333557 0.295589 -0.046338 
-1.000000 0.648649 0.663866 -0.646018 0.254117 0.092132 0.017775 -0.026408 
1.000000 0.081081 0.008403 -0.823009 -0.644767 -0.660390 -0.761685 -0.723966 
1.000000 0.054054 -0.092437 -0.752212 -0.462015 -0.514459 -0.597103 -0.586447 
1.000000 0.081081 0.109244 -0.805310 -0.595183 -0.583053 -0.731402 -0.731938 
1.000000 -0.148649 -0.210084 -0.823009 -0.799894 -0.832549 -0.834101 -0.841555 
1.000000 0.216216 0.109244 -0.769912 -0.571454 -0.684600 -0.672153 -0.614350 
1.000000 0.000000 -0.025210 -0.787611 -0.715601 -0.774042 -0.784068 -0.743896 
-1.000000 0.202703 0.159664 -0.743363 -0.451390 -0.527236 -0.515471 -0.634280 
-1.000000 0.027027 -0.025210 -0.734513 -0.590933 -0.774714 -0.672153 -0.574489 
0.000000 0.283784 0.378151 -0.681416 -0.142554 -0.564896 -0.461488 0.043348 
-1.000000 0.351351 0.327731 -0.672566 -0.346202 -0.541358 -0.482554 -0.305431 
1.000000 0.054054 0.008403 -0.840708 -0.695059 -0.731675 -0.806452 -0.748879 
0.000000 0.040541 0.008403 -0.769912 -0.635205 -0.704775 -0.701119 -0.674141 
1.000000 0.202703 0.210084 -0.716814 -0.579954 -0.718225 -0.627386 -0.484803 
0.000000 0.391892 0.327731 -0.716814 -0.363910 -0.519839 -0.590520 -0.375187 
-1.000000 0.324324 0.277311 -0.734513 -0.300159 -0.221923 -0.520737 -0.592427 
0.000000 0.270270 0.310924 -0.734513 -0.434744 -0.525891 -0.572087 -0.590433 
1.000000 0.202703 0.176471 -0.752212 -0.592350 -0.732347 -0.619487 -0.646238 
1.000000 -0.472973 -0.546218 -0.858407 -0.944041 -0.965703 -0.949967 -0.943199 
1.000000 -0.121622 -0.176471 -0.796460 -0.776164 -0.821789 -0.810402 -0.816642 
-1.000000 0.364865 0.310924 -0.716814 -0.304409 -0.342300 -0.472021 -0.464873 
-1.000000 0.635135 0.563025 -0.654867 0.028157 -0.205111 0.028308 -0.180867 
-1.000000 0.297297 0.344538 -0.716814 -0.252346 -0.473436 -0.400922 -0.419033 
0.000000 0.324324 0.361345 -0.734513 -0.380556 -0.536651 -0.494404 -0.454908 
-1.000000 0.621622 0.630252 -0.690265 0.099699 -0.107599 -0.269256 0.017439 
0.000000 0.567568 0.647059 -0.672566 0.244555 -0.078009 -0.177090 0.087195 
0.000000 0.513514 0.478992 -0.681416 0.129095 -0.171486 -0.166557 -0.265571 
-1.000000 0.391892 0.462185 -0.761062 -0.287409 -0.433759 -0.410138 -0.434978 
1.000000 -0.364865 -0.378151 -0.840708 -0.898353 -0.919973 -0.918367 -0.913303 
-1.000000 0.337838 0.327731 -0.752212 -0.438286 -0.546066 -0.611587 -0.514699 
0.000000 0.027027 0.042017 -0.796460 -0.696476 -0.753867 -0.716919 -0.754858 
1.000000 -0.459459 -0.495798 -0.858407 -0.933416 -0.952925 -0.952600 -0.943199 
0.000000 0.594595 0.680672 -0.654867 0.017531 -0.219906 -0.069124 -0.285501 
-1.000000 0.067568 0.025210 -0.761062 -0.646538 -0.777404 -0.698486 -0.674141 
0.000000 0.418919 0.327731 -0.752212 -0.385869 -0.540686 -0.487821 -0.423019 
0.000000 0.459459 0.361345 -0.734513 -0.274305 -0.337592 -0.472021 -0.455904 
0.000000 0.689189 0.747899 -0.637168 0.271826 -0.020175 0.034891 0.026408 
0.000000 0.310811 0.294118 -0.725664 -0.313972 -0.420982 -0.308756 -0.494768 
0.000000 0.500000 0.462185 -0.699115 -0.140429 -0.379287 -0.462804 -0.384155 
1.000000 0.000000 0.025210 -0.805310 -0.701434 -0.756557 -0.799868 -0.723966 
-1.000000 0.527027 0.445378 -0.734513 -0.223659 -0.302623 -0.416722 -0.370204 
0.000000 0.472973 0.394958 -0.601770 -0.211617 -0.492939 -0.436471 -0.285501 
-1.000000 -0.202703 -0.243697 -0.831858 -0.843811 -0.893073 -0.867018 -0.853513 
1.000000 0.243243 0.226891 -0.743363 -0.345493 -0.466039 -0.483871 -0.504733 
1.000000 0.162162 0.142857 -0.814159 -0.611121 -0.667787 -0.730086 -0.662182 
1.000000 -0.297297 -0.344538 -0.858407 -0.871790 -0.902488 -0.895984 -0.888391 
-1.000000 0.432432 0.462185 -0.681416 -0.174783 -0.386685 -0.237656 -0.256602 
-1.000000 0.148649 0.159664 -0.743363 -0.574641 -0.710827 -0.637920 -0.584454 
0.000000 0.554054 0.495798 -0.716814 -0.022136 -0.057162 -0.200790 -0.366218 
-1.000000 0.554054 0.478992 -0.681416 0.268638 0.075319 -0.108624 0.053313 
0.000000 0.310811 0.243697 -0.778761 -0.341243 -0.515804 -0.440421 -0.335326 
0.000000 0.337838 0.277311 -0.752212 -0.393306 -0.476126 -0.485188 -0.545590 
-1.000000 0.662162 0.579832 -0.646018 0.261201 0.231338 -0.125741 -0.084205 
1.000000 0.418919 0.310924 -0.690265 -0.252701 -0.486214 -0.432521 -0.295466 
0.000000 0.337838 0.327731 -0.690265 -0.324597 -0.490249 -0.562870 -0.415047 
0.000000 0.310811 0.378151 -0.716814 -0.270763 -0.420309 -0.468071 -0.331340 
0.000000 0.378378 0.344538 -0.707965 -0.294493 -0.537323 -0.344305 -0.375187 
1.000000 -0.337838 -0.378151 -0.876106 -0.907207 -0.922663 -0.934167 -0.921276 
1.000000 0.270270 0.176471 -0.769912 -0.535328 -0.561533 -0.620803 -0.656203 
1.000000 0.243243 0.159664 -0.761062 -0.574641 -0.611970 -0.682686 -0.696064 
-1.000000 0.445946 0.327731 -0.734513 -0.384452 -0.453934 -0.518104 -0.504733 
-1.000000 0.405405 0.361345 -0.699115 -0.201346 -0.234701 -0.328506 -0.474838 
1.000000 0.135135 0.075630 -0.787611 -0.584204 -0.587761 -0.681369 -0.722970 
0.000000 0.391892 0.294118 -0.752212 -0.288118 -0.359112 -0.447005 -0.420030 
1.000000 -0.243243 -0.277311 -0.814159 -0.809456 -0.809684 -0.863068 -0.856502 
1.000000 0.216216 0.159664 -0.778761 -0.508057 -0.505044 -0.636603 -0.676134 
-1.000000 -0.121622 -0.176471 -0.778761 -0.706039 -0.744452 -0.764319 -0.768809 
-1.000000 0.486486 0.394958 -0.743363 0.263326 -0.093477 -0.350889 -0.356253 
-1.000000 0.716216 0.663866 -0.646018 0.347618 0.184936 0.157340 -0.006477 
-1.000000 0.445946 0.495798 -0.707965 -0.100761 -0.340282 -0.514154 -0.026408 
-1.000000 0.337838 0.394958 -0.725664 -0.161325 -0.146604 -0.391705 -0.450922 
1.000000 0.027027 0.277311 -0.805310 -0.699309 -0.739072 -0.764319 -0.762830 
0.000000 0.418919 0.411765 -0.734513 -0.287763 -0.406187 -0.419355 -0.444943 
-1.000000 0.743243 0.781513 -0.610619 0.354347 0.229993 0.178407 -0.048331 
1.000000 0.500000 0.378151 -0.734513 -0.270763 -0.427707 -0.369322 -0.355257 
1.000000 -0.189189 -0.243697 -0.858407 -0.835311 -0.850034 -0.881501 -0.869457 
0.000000 0.081081 0.075630 -0.734513 -0.605454 -0.738399 -0.681369 -0.615346 
0.000000 0.121622 0.058824 -0.796460 -0.618204 -0.771352 -0.691903 -0.634280 
-1.000000 0.824324 0.815126 -0.637168 0.571454 0.455279 0.107307 0.252616 
1.000000 0.189189 0.159664 -0.778761 -0.581725 -0.644923 -0.691903 -0.668161 
1.000000 0.013513 -0.058824 -0.831858 -0.753143 -0.784129 -0.836735 -0.766816 
0.000000 0.229730 0.260504 -0.734513 -0.476536 -0.564223 -0.512837 -0.612357 
-1.000000 0.418919 0.411765 -0.690265 -0.049053 -0.262946 -0.244240 -0.285501 
-1.000000 0.283784 0.327731 -0.690265 -0.223304 -0.494956 -0.435155 -0.205780 
1.000000 -0.013513 -0.092437 -0.823009 -0.706393 -0.752522 -0.773535 -0.783757 
0.000000 0.432432 0.394958 -0.716814 -0.233930 -0.274378 -0.418038 -0.454908 
-1.000000 -0.256757 -0.294118 -0.805310 -0.791394 -0.817754 -0.835418 -0.833582 
1.000000 -0.459459 -0.512605 -0.876106 -0.933416 -0.951580 -0.942067 -0.943199 
-1.000000 0.054054 -0.042017 -0.814159 -0.657163 -0.690652 -0.728769 -0.758844 
0.000000 0.702703 0.647059 -0.699115 0.117762 -0.135844 0.200790 -0.474838 
1.000000 -0.337838 -0.495798 -0.858407 -0.873207 -0.882986 -0.911784 -0.904335 
1.000000 -0.067568 -0.159664 -0.805310 -0.803081 -0.874916 -0.794602 -0.812656 
1.000000 0.243243 0.109244 -0.681416 -0.233930 -0.334902 -0.396972 -0.397110 
-1.000000 0.554054 0.563025 -0.628319 0.187533 -0.104909 -0.190257 -0.086198 
0.000000 0.243243 0.159664 -0.761062 -0.419515 -0.472091 -0.485188 -0.594420 
1.000000 -0.067568 -0.109244 -0.796460 -0.735081 -0.774042 -0.759052 -0.803687 
0.000000 0.472973 0.445378 -0.725664 -0.155304 -0.314728 -0.287689 -0.301445 
-1.000000 0.554054 0.512605 -0.699115 0.103241 -0.066577 -0.075708 -0.215745 
-1.000000 -0.202703 -0.294118 -0.867257 -0.849832 -0.880296 -0.867018 -0.863478 
1.000000 0.513514 0.495798 -0.707965 0.053303 -0.039677 -0.094141 -0.282511 
1.000000 -0.189189 -0.243697 -0.840708 -0.849123 -0.888366 -0.843318 -0.893373 
0.000000 0.243243 0.243697 -0.761062 -0.455286 -0.494956 -0.523371 -0.645242 
-1.000000 0.364865 0.361345 -0.734513 -0.258367 -0.301278 -0.491771 -0.395117 
1.000000 0.027027 0.025210 -0.796460 -0.677705 -0.720915 -0.776169 -0.710015 
-1.000000 0.094595 0.075630 -0.787611 -0.583850 -0.660390 -0.664253 -0.660189 
0.000000 0.445946 0.327731 -0.769912 -0.383389 -0.478144 -0.549704 -0.460887 
0.000000 0.459459 0.344538 -0.743363 -0.211263 -0.322798 -0.374589 -0.375187 
0.000000 0.459459 0.495798 -0.707965 -0.168054 -0.344990 -0.358789 -0.315396 
1.000000 0.189189 0.142857 -0.778761 -0.531433 -0.570948 -0.632653 -0.664175 
0.000000 0.337838 0.378151 -0.716814 -0.368514 -0.578346 -0.323239 -0.478824 
-1.000000 0.148649 0.193277 -0.734513 -0.532495 -0.622730 -0.640553 -0.564524 
0.000000 0.324324 0.310924 -0.725664 -0.416327 -0.542703 -0.460171 -0.509716 
-1.000000 0.459459 0.411765 -0.690265 -0.220117 -0.377942 -0.186307 -0.459890 
