6 
9 
13 
11 
8 
8 
7 
8 
7 
7 
11 
11 
11 
9 
13 
7 
10 
8 
10 
10 
8 
10 
9 
7 
8 
12 
10 
14 
12 
10 
7 
7 
13 
5 
11 
7 
9 
13 
8 
8 
10 
13 
11 
10 
10 
8 
11 
11 
11 
9 
8 
11 
7 
11 
12 
9 
10 
10 
13 
10 
9 
7 
4 
8 
9 
8 
10 
8 
7 
9 
4 
6 
11 
4 
8 
8 
9 
11 
10 
9 
7 
12 
10 
10 
7 
12 
20 
11 
9 
12 
8 
17 
11 
18 
11 
9 
9 
9 
11 
7 
16 
18 
10 
16 
7 
13 
11 
9 
10 
10 
9 
7 
11 
8 
9 
14 
11 
14 
11 
5 
9 
10 
8 
8 
5 
9 
6 
7 
13 
10 
10 
13 
8 
9 
5 
11 
19 
5 
11 
10 
11 
8 
6 
13 
7 
8 
9 
10 
13 
10 
15 
9 
9 
11 
12 
9 
5 
13 
9 
9 
10 
12 
7 
12 
7 
10 
8 
7 
8 
8 
11 
9 
14 
14 
15 
12 
15 
13 
11 
11 
3 
6 
10 
8 
12 
18 
13 
6 
7 
5 
9 
10 
7 
11 
9 
13 
9 
10 
19 
11 
13 
10 
9 
11 
6 
10 
16 
6 
7 
13 
5 
8 
10 
11 
10 
11 
8 
4 
9 
9 
10 
12 
9 
9 
13 
10 
6 
9 
10 
8 
19 
12 
12 
13 
10 
8 
8 
7 
12 
9 
11 
13 
10 
6 
11 
10 
8 
15 
18 
9 
10 
9 
10 
10 
11 
19 
8 
5 
16 
10 
7 
8 
10 
7 
9 
8 
13 
7 
6 
12 
8 
11 
8 
6 
9 
9 
7 
7 
5 
12 
9 
8 
13 
5 
13 
17 
10 
16 
8 
9 
8 
6 
7 
10 
5 
8 
8 
9 
17 
5 
10 
10 
9 
12 
11 
8 
10 
7 
7 
8 
7 
9 
13 
27 
12 
9 
9 
15 
19 
8 
9 
11 
6 
6 
9 
10 
13 
10 
12 
11 
11 
11 
7 
9 
8 
6 
17 
10 
11 
10 
13 
9 
10 
9 
10 
15 
7 
17 
8 
6 
9 
11 
9 
14 
9 
8 
12 
16 
18 
9 
12 
6 
8 
9 
10 
10 
8 
9 
9 
9 
9 
13 
13 
12 
10 
8 
15 
11 
11 
6 
12 
11 
12 
9 
7 
9 
11 
14 
6 
12 
7 
6 
9 
11 
5 
9 
8 
11 
8 
5 
9 
11 
6 
13 
6 
8 
10 
10 
11 
11 
10 
17 
8 
10 
11 
10 
10 
